Input scale (32 bit):
 34211592
Input zero point:
 127
Weight scale (32 bit):
 69857280
Weight zero point:
 137
Output scale (32 bit):
 455473824
Output zero point:
 147
M scale (32 bit):
 5247126
Weight (8 bit):
weights_conv[0] = {16, 30, 13, -6, -12, 2, -45, 18, 4, 25, -12, 10, -24, 10, 7, 18, 12, 26, -50, 55, 11, 38, -32, -18, 80, -6, 10, -67, -42, -18, -22, 5, -30, 9, 6, 9, -7, 34, -15, 20, 30, 28, 73, -7, 40, 19, 19, 10, 34, 10, 2, 7, 64, -32, 23, 12, 7, 11, 14, -7, 26, -55, -23, -33, 1, -12, 9, 34, -11, -2, -71, -20};
weights_conv[1] = {21, -66, 43, 51, -58, -41, 27, -8, -26, 47, -12, 14, -2, -14, 3, -4, 16, 5, 10, 10, -17, -13, -8, -43, 13, -5, 62, 25, -5, -8, 40, 4, 7, -17, -2, -12, 77, 25, -15, 33, -46, 62, 2, -13, -19, 10, 2, 12, 13, 16, 5, 8, 22, -59, 35, 21, -22, 11, -4, -12, -3, 10, -41, -15, -7, -16, 4, 21, 19, -9, -35, -2};
weights_conv[2] = {-29, -36, -13, 8, 56, 29, 29, -38, 16, 40, -21, 13, -31, -17, 39, -58, -14, -8, -68, -28, 7, -24, -34, -73, -23, 21, 73, -18, -1, -13, 1, 15, -18, 50, -34, -10, 28, 19, -20, 7, -20, -14, 38, -18, -58, 16, -24, 23, -3, 17, -6, -23, -42, 34, -22, -15, 38, 15, 16, -13, -16, -55, 20, -26, -63, 22, -38, 1, -9, 44, 36, 1};
weights_conv[3] = {34, 64, -44, 20, -16, -12, 22, 58, -25, 34, -9, 10, 5, 22, -6, 55, 13, 18, 2, -34, -24, -28, 19, 41, -23, 8, 117, -13, -15, -14, -14, 20, 8, -8, 11, -29, -14, 30, -15, -4, -4, 49, -48, 6, -18, 6, 18, 10, 15, 5, -18, 2, 4, -24, 76, -36, -12, 11, 30, 0, -7, 30, -45, 9, 18, -32, 0, -11, -43, 19, 35, -2};
weights_conv[4] = {9, -13, -3, -9, -8, 18, -20, -12, -21, -25, -10, 16, -19, -8, -47, 2, 52, 25, -40, -4, 24, 10, -39, -2, -10, 13, 21, -44, 3, -6, 17, -9, -40, 16, -26, 33, 11, 38, -5, 40, 44, -13, 31, -47, -54, 5, -62, 11, 0, 4, -4, -21, 37, -23, 7, 33, -18, 7, -2, 3, 9, -78, 2, 3, 2, -32, -44, -13, 41, -31, -76, -1};
weights_conv[5] = {26, -9, 24, -49, -19, -20, -24, 27, -11, -53, -9, 14, 9, 67, 66, 11, 41, 16, 12, 44, 15, 22, -20, 49, -24, -3, 18, 83, -9, -3, 42, -3, -55, 17, 3, 38, 17, -36, -13, 36, -12, -16, 14, 2, -64, 11, -17, 14, -2, 10, -7, 5, 32, 23, 13, -3, -85, 4, 6, -15, -5, -1, 100, -12, 6, -2, 17, -15, 5, 21, -5, -6};
weights_conv[6] = {22, -42, -67, -13, 91, -12, 13, -13, -9, 6, -9, 13, -9, 48, -18, -9, -18, 14, 4, 8, -23, -24, 42, -109, -30, -43, 74, 7, 15, -13, 33, 34, 12, -9, -3, -5, -22, 15, -13, -15, 5, -46, 5, -39, -2, 9, 23, 10, 13, 6, -9, -31, -24, 27, 3, 26, -3, 19, 5, -13, 7, 54, 25, -3, 30, -16, -15, -26, -38, 18, 24, 14};
weights_conv[7] = {-6, -46, -18, -14, 69, 18, -21, 3, -6, 17, -5, 14, -16, -47, -39, -27, -33, 17, -67, -35, 4, -13, -52, -111, -28, -51, 84, 2, 10, -6, 4, 12, -1, -2, 5, 40, -6, -2, -5, -8, 2, -30, 28, 33, -4, 4, 44, 9, 10, 13, 4, -12, -14, 45, 11, 32, -5, 14, 13, -10, 45, -28, 32, -14, 12, 9, -5, 15, 12, 7, 37, -42};
weights_conv[8] = {-47, 40, -25, 3, -20, 72, 3, 33, -20, 32, -9, 4, 9, -28, -6, -22, 5, -16, -32, -23, -3, -3, -55, 50, -13, 2, -35, -19, -47, -5, 16, 5, -19, -2, -28, -23, -8, 7, -9, -10, -69, 24, -62, -24, 31, 12, -1, 14, 10, 5, -30, -16, -32, 27, 18, 3, 3, 11, -137, -3, 8, 3, 32, -4, -6, -15, -37, 13, 36, 1, 39, -23};
weights_conv[9] = {-21, 118, 32, 42, 24, -31, -17, -1, -39, -22, -10, 11, 2, -16, 9, 23, 1, 16, 33, 70, -28, -13, 11, -63, 30, 16, 68, 22, 6, -18, -83, 3, 4, 5, 2, -1, 26, -2, -2, 24, -35, 58, -8, -10, 9, 14, 26, 11, 1, 2, -6, 1, 23, 46, -10, -84, -39, 10, 7, -3, -20, 20, 11, -7, 0, 13, 32, 13, 0, 12, -1, -17};
weights_conv[10] = {-26, -14, 22, -21, -13, -1, -7, 8, 20, -14, 27, -27, 52, 20, 25, 12, -5, 43, 17, -18, -1, 24, 18, 10, 2, -13, -46, 13, 3, 21, -11, -19, -8, -53, 33, -47, -7, 0, 23, 6, 18, -9, 5, 10, 42, -29, 2, -24, -17, -17, -32, 10, -19, -9, 15, -22, 7, -29, -1, 17, 4, -20, -32, 9, 33, -6, -33, -14, -9, 12, -3, 20};

Bias (8 bit):
 {3163, -416, -749, -522, -1592, -759, -936, -1825, -2533, -1448, -1123};
