Input scale (32 bit):
 34211592
Input zero point:
 127
Weight scale (32 bit):
 50018780
Weight zero point:
 140
Output scale (32 bit):
 374904576
Output zero point:
 141
M scale (32 bit):
 4564420
Weight (8 bit):
weights_conv[0] = {12, 28, 9, -1, 2, -8, 30, -13, 5, 9, -5, 12, -127, 12, -5, -22, -12, -139, -12, -32, 17, 0, -4, -10, 1, -29, -23, -8, -16, 37, 0, -124, -25, 68, -15, 47, 16, -4, -2, -19, -17, 7, -19, 21, -48, 0, -9, 11, -122, 9, 115, 3, 6, 9, -25, 4, 16, 5, 13, 9, 15, -5, 13, 10, -109, -31, 0, -54, -28, -111, 10, -23};

Bias (8 bit):
 {-1766};
