Input scale (32 bit):
 33924616
Input zero point:
 127
Weight scale (32 bit):
 60571260
Weight zero point:
 141
Output scale (32 bit):
 541251904
Output zero point:
 108
M scale (32 bit):
 3796489
Weight (8 bit):
weights_conv[0] = {2, 10, -4, 57, -21, 9, -62, -2, -1, -8, 1, 7, 10, -8, -14, -15, 38, -44, 2, 38, 13, -12, 6, 36, 30, 12, 114, -3, 47, 5, -7, 5, -68, 35, 0, -37, -24, -38, -7, -10, -82, -17, 18, 30, -32, -8, 10, -3, -67, 29, -71, -32, -1, -32, -8, 30, -3, 65, 19, -2, 24, 18, -14, 9, -8, -22, -14, -46, 25, -8, 9, 5};
weights_conv[1] = {5, -13, -3, 52, 11, 1, 6, -81, 26, -58, -2, 2, 8, -40, 0, 14, 66, -30, 51, 68, 3, -139, 4, 44, -8, -49, -44, 14, -29, -6, 22, 19, 32, 18, -2, 0, -13, -22, -7, 1, 12, -9, -1, -15, 15, -7, 4, -2, -2, 30, -40, -27, 8, 3, -2, 12, -7, -25, 23, -14, 35, 18, -11, -19, 1, 12, 13, -33, -11, 12, 2, -21};
weights_conv[2] = {8, -2, -12, 40, -11, 7, 82, 50, -28, -38, 7, -10, -21, -36, -28, -4, 43, 86, 6, 9, 31, -8, 13, 19, -21, -5, -65, -10, -60, 2, -31, -45, -81, 39, 4, -42, 22, -25, -4, -5, 30, 35, -18, 14, -39, -14, 9, -9, 25, -17, -19, 10, 23, 24, -10, 23, -13, 7, 10, 56, -9, 6, -15, -5, 4, 70, -18, -54, -1, 31, 7, 14};
weights_conv[3] = {3, 6, -10, -31, 17, 5, -36, -99, 13, 28, -6, 11, -6, 77, 2, 18, 31, -34, 8, 7, 8, 83, -9, 10, 23, -20, -71, 8, 15, 23, -20, -3, 62, 41, 4, 44, -20, -29, -8, -2, 38, -52, 33, -38, 66, -6, 7, -1, 0, -12, -36, -3, 16, 37, -5, 8, -2, -2, 27, -17, 12, 22, 15, 2, -22, -31, 1, -34, -13, 31, 4, 22};
weights_conv[4] = {10, -5, -13, 53, -11, 15, -15, 53, 7, 43, -5, 6, -17, 5, -18, -11, -87, -58, -14, 24, 15, -20, 14, -49, -36, -12, 60, -14, -9, -14, -55, 9, -66, 26, 10, -60, 5, 82, -9, -15, -9, 8, -10, -5, -61, -14, 7, -12, -24, 25, 39, -3, 16, 26, -7, 30, -11, 49, 0, -44, 23, 29, -25, 15, -5, -5, 14, 93, 14, -24, 12, 17};
weights_conv[5] = {9, -12, -9, 52, -1, 2, -21, 30, -16, -42, -2, 1, -18, 38, 11, -8, 15, -63, -30, -93, 8, 32, 17, 9, -88, -42, 53, -2, -6, -7, 56, -10, 61, -38, -7, -22, 0, -23, -1, -6, -55, 12, 8, -9, -47, -10, 6, -1, -18, -9, 64, 3, 11, -92, -4, -6, -8, -48, 12, -2, -22, 37, -13, 65, -5, -20, 25, -33, -82, -18, 2, 10};
weights_conv[6] = {9, 2, -12, -19, 5, 12, 70, 48, -35, 32, -2, -15, 1, 71, -8, 14, 31, 52, 31, -57, 5, 24, -18, 6, 39, 12, 17, 18, -37, -41, 28, 23, 31, 4, -13, 42, -10, -6, -10, -15, 4, 10, 30, 2, 73, -9, 6, -2, 15, -34, 23, 10, -5, 2, -8, -6, -5, -25, -37, 36, -31, -1, 21, 2, -3, 74, 15, -59, 29, 15, 12, 40};
weights_conv[7] = {8, -6, -5, -18, -14, 8, 29, 4, -37, -51, -6, -1, -29, -39, -5, 1, 22, 48, -1, -49, 6, 23, 4, 25, 48, 27, 26, -9, 94, -11, -45, 27, 9, -16, -4, -25, 2, -15, 0, -5, 10, 19, -10, 25, -7, -2, 7, 0, -45, -3, 67, 13, -7, -23, -8, -7, -8, -3, -32, 82, -51, 20, -4, -43, -3, 70, 9, -46, 26, 39, 2, 4};
weights_conv[8] = {3, -13, -5, -46, -12, 3, -36, 2, 3, -27, -1, 2, -9, -23, 16, 27, -54, 0, -24, 82, 8, 48, 5, 22, 53, 6, -56, -2, -3, -14, -118, 10, 2, -83, -3, -29, -25, -34, -4, -4, 53, 7, 13, 22, 1, -9, 7, -5, -14, -70, -24, -1, 12, -15, -7, 21, -2, -22, -5, 67, -31, -4, -11, -2, -7, -72, 4, -41, 10, -62, 3, 21};
weights_conv[9] = {3, -11, -2, -15, -5, 10, 7, -117, 12, 46, -3, 15, -14, 1, 2, -10, -94, 24, 43, 60, -10, 37, 2, -62, -19, -26, -35, 3, -1, 13, 23, -19, 25, 13, -9, -28, 30, 86, -2, -7, -31, 6, 12, -47, 24, -3, 7, -7, 7, 39, -7, 0, 23, 34, 0, 8, -7, 33, -12, -21, 50, 33, -9, 12, -1, 10, 17, 106, -20, -22, 7, -24};
weights_conv[10] = {-23, 25, 26, -52, 14, -32, -7, 61, 28, 23, 11, -2, 39, -2, 14, -9, -11, 16, -37, -19, -48, -31, -18, -39, -6, 47, 2, -9, -6, 15, 41, -14, -20, -19, 12, 68, 7, 14, 32, 32, 5, -6, -33, 3, -10, 27, -28, 19, 48, 7, 3, 14, -35, 13, 30, -62, 28, -13, 0, -29, 2, -83, 25, -24, 23, -34, -32, 59, 1, -7, -30, -33};

Bias (8 bit):
 {3343, -258, -1069, -1065, -1059, -157, -908, -1094, -603, -722, -335};
