Input scale (32 bit):
 33924616
Input zero point:
 127
Weight scale (32 bit):
 57250492
Weight zero point:
 117
Output scale (32 bit):
 468904000
Output zero point:
 167
M scale (32 bit):
 4142001
Weight (8 bit):
weights_conv[0] = {-71, -7, -23, -16, 2, 24, 19, -13, -15, 5, -78, 63, -56, -4, -22, 79, -13, -2, -26, -9, 70, 14, -36, 28, -8, -12, 7, -39, 3, 6, -37, 28, 0, 11, -117, -1, -5, 2, -27, -26, 26, 14, 27, -7, -15, -25, -46, 137, -7, 17, 8, 9, 0, -33, -22, 0, -26, 11, -10, -17, 30, 129, -42, 4, 4, -3, 16, -13, 30, 4, 23, 11};

Bias (8 bit):
 {-3464};
