Input scale (32 bit):
 157224528
Input scale temporal normalisation (32 bit):
 23465478 (remember to inverse diff calculation or include change in sing)
Input scale channel normalisation (32 bit):
 23465480192
Input zero point:
 124
Weight scale (32 bit):
 71610824
Weight zero point:
 87
Output scale (32 bit):
 380775488
Output zero point:
 72
M Scales (32 bit):
 29568546
Input quantisation (only for first layer):
F scale (for 32 bits):3666481047
T scale (for 32 bits):117327
Weight (8 bit):
weights_conv[0] = {0, 0, 0, 0, 0, 0, 0, 0, 0, 0, 0, 0, 0, 0, 0, 0, 0, 0, 0, 0, 0, 0, 0, 0, 0, 0, 0, 0, 0, 0, 0, 0, 0, 0, 0, 0, 0, 0, 0, 0, 0, 0, 0, 0, 0, 0, 0, 0, 0, 0, 0, 0, 0, 0, 0, 0, 0, 0, 0, 0, 0, 0, 0, 0, 0, 0, 0, 0, 0, 0, 0, 0, 0, 0};
weights_conv[1] = {-9, -9, 0, 2, 1, 0, 0, -1, -2, 3, 0, -1, -1, -11, 9, 0, 0, -4, 0, 1, -2, 3, -8, 6, 0, 4, -2, 4, -1, -7, -8, -11, 9, -1, -11, -5, -1, -9, -2, -2, 16, 0, -1, -3, -13, 4, 4, 5, -15, 4, 5, -5, -13, 20, -2, 5, -1, -6, 3, -4, 2, -1, 2, 1, -4, -17, -1, 8, -2, 5, -4, 4, 0, -18};
weights_conv[2] = {0, -8, 0, 9, 6, 4, 0, 2, 3, -19, 0, 8, 15, 15, 3, 0, 0, 8, 0, 14, -2, 3, 5, 3, 0, -9, 4, 2, 8, 4, -3, -18, -5, -7, 5, 1, -4, 5, 7, 7, 15, 0, 15, 9, 13, 1, 4, -14, 6, -6, -20, -4, -16, -6, -3, 7, -10, -11, -11, 11, 7, -3, -14, -1, 0, 4, -6, -2, -5, 5, 7, -7, 2, -1};
weights_conv[3] = {24, -2, 0, -2, 6, -3, 0, -5, -15, -19, 0, 3, -2, 3, -4, 0, 0, 5, 0, -1, -6, -5, 3, 5, 0, -8, 2, -2, 9, -2, -3, 3, -8, -2, 17, -3, 7, -7, 3, -1, 3, 0, -4, -4, -7, -4, 9, 12, 6, 7, -11, -1, -14, 3, -13, -1, -9, -1, -15, 2, -1, -3, 4, 0, 3, -3, -7, -5, -2, -17, -5, 20, 11, 13};
weights_conv[4] = {0, 0, 0, 0, 0, 0, 0, 0, 0, 0, 0, 0, 0, 0, 0, 0, 0, 0, 0, 0, 0, 0, 0, 0, 0, 0, 0, 0, 0, 0, 0, 0, 0, 0, 0, 0, 0, 0, 0, 0, 0, 0, 0, 0, 0, 0, 0, 0, 0, 0, 0, 0, 0, 0, 0, 0, 0, 0, 0, 0, 0, 0, 0, 0, 0, 0, 0, 0, 0, 0, 0, 0, 0, 0};
weights_conv[5] = {-11, -9, 0, -4, 8, 6, 0, 1, -1, 5, 0, 4, -2, -1, -10, 0, 0, 1, 0, 1, 2, 7, -9, -5, 0, 4, 1, -2, -6, -9, -4, -3, 16, 2, -6, -10, 7, 18, 7, 7, -1, 0, -2, -5, -3, -18, 9, -8, 3, -7, 3, -1, -3, 4, 3, 4, -2, -9, -14, 1, -1, 9, -5, 6, -1, -3, 3, 18, 1, 0, 3, 5, 6, -9};
weights_conv[6] = {-9, -18, 0, -4, 1, -2, 0, 5, 0, -2, 0, -2, 11, 11, -8, 0, 0, 1, 0, -6, 2, 2, -5, 3, 0, -12, -2, -3, 1, 8, -4, 5, 6, -3, 3, 2, 0, -5, 0, -6, -7, 0, 1, 0, -11, -2, -2, -4, -6, -3, 1, 3, 8, -3, 4, 1, -2, -2, -4, -4, 7, 0, 1, 3, 8, 0, 11, -9, 9, -5, -3, 9, 3, 3};
weights_conv[7] = {-21, 16, 0, 9, -15, -1, 0, 1, -6, -6, 0, -6, -1, -5, -8, 0, 0, 32, 0, -5, 11, -17, -16, 1, 0, -8, -1, -8, 7, -4, 20, -7, -7, -15, -6, -2, -1, 3, -1, 5, -2, 0, -10, 2, 11, -7, 16, 4, 18, -6, 13, 5, -2, 13, -5, 3, 14, 8, 5, -3, 7, -12, 10, -11, -3, 12, -9, -15, 14, -14, 13, -4, 2, 5};
weights_conv[8] = {-6, 59, 0, -22, 17, -6, 0, 9, 10, -2, 0, -18, -2, 21, 33, 0, 0, -3, 0, 10, -6, -14, 16, 15, 0, -8, -7, 8, 9, -11, 3, -17, 0, -19, -6, 3, 4, 16, 3, 7, -1, 0, -10, -9, -16, 4, -13, -5, 19, -39, 1, -16, -12, -4, -3, -8, 4, 3, 16, -4, 9, -9, -1, 14, 5, 0, -4, 2, -6, -2, 13, 21, -1, 2};
weights_conv[9] = {-8, -15, 0, -7, -6, 7, 0, 5, 1, 20, 0, 0, 0, -5, 2, 0, 0, -2, 0, 1, 25, -12, -20, -18, 0, 5, 36, 11, 19, -7, -8, 5, -3, 3, 1, 0, 1, 11, 20, 14, -9, 0, 46, 13, 18, 5, -5, -11, 10, -20, 19, -4, 1, 5, -7, 27, 12, -17, -12, -11, 23, 6, -3, 10, 1, 6, 6, -4, -4, 3, 9, 9, 40, -8};
weights_conv[10] = {23, 32, 0, -10, -1, 4, 0, 10, 4, -32, 0, -2, -2, -2, 14, 0, 0, 5, 0, -4, -11, -1, -6, 2, 0, -10, 7, -4, -6, -8, 3, 5, 5, -14, 2, 6, 7, 0, -21, 3, -16, 0, 1, -10, -3, 18, -9, 14, 5, 20, 23, 0, -6, -18, 11, -13, 10, -8, -5, 2, -12, -2, -19, 7, 14, 16, -25, -8, -2, -33, 2, 3, -4, -7};
weights_conv[11] = {-2, 10, 0, 8, 16, -1, 0, -16, -19, 3, 0, 3, -14, -13, -2, 0, 0, -3, 0, 1, -5, -2, 12, -16, 0, 8, -3, 0, -14, -26, 0, 3, 23, 14, 5, -2, 0, -8, 8, 9, -7, 0, -2, 6, -7, -18, -1, -5, -6, 0, 18, -4, -8, -12, -4, -2, 0, 0, -9, -1, 0, 23, -6, -2, -12, -7, 10, 22, 9, 5, -9, 6, 1, 2};
weights_conv[12] = {-16, -12, 0, 7, -9, 8, 0, 3, 3, 10, 0, 2, 9, -3, -29, 0, 0, -12, 0, -5, 12, -1, -19, -3, 0, 0, 1, -9, -1, 21, 8, -1, 7, -1, -2, 18, 0, 21, 4, -2, -9, 0, -2, 12, 3, -2, -2, 3, 27, 6, 1, 15, -3, -11, 17, 0, -3, 13, -20, 4, 11, -6, -1, -8, -6, 31, 0, -2, 22, 1, 2, -4, -5, -1};
weights_conv[13] = {12, -24, 0, -23, 13, 0, 0, 2, -12, -13, 0, -5, 5, 29, -3, 0, 0, -29, 0, -14, -20, -16, 10, -15, 0, 9, 0, -5, -7, 4, -5, 5, -15, 15, 0, -3, -8, -34, -2, 4, 4, 0, -5, -2, -6, 5, -33, 7, 5, -25, -10, 2, -5, -29, 14, -15, 7, 18, -24, -10, -10, 3, -15, 1, 26, 6, 3, 8, 1, -2, 2, -14, -4, 8};
weights_conv[14] = {-2, -16, 0, -5, -14, -1, 0, -1, -2, 5, 0, 2, -7, -8, 1, 0, 0, 2, 0, -12, 1, -7, 5, 0, 0, 3, -2, -10, 1, 4, 12, -2, -22, 2, 3, 5, -10, 7, 2, 9, -6, 0, 0, 0, 3, 7, 5, -3, -4, 5, 7, 3, 11, -4, 8, 7, -2, 1, 4, 8, 11, -12, -5, -2, -12, 12, -10, -32, -4, -4, 9, -14, -3, -7};
weights_conv[15] = {6, -6, 0, -13, -20, -3, 0, -7, 15, 3, 0, 2, 5, 0, -20, 0, 0, 4, 0, 4, 23, 6, -1, 17, 0, 6, -5, -10, 17, 1, -15, -5, 14, 4, 5, -13, 1, -11, 4, 2, 1, 0, 3, 13, 7, -4, 5, 7, -19, -10, 9, -4, -4, -13, 4, 7, 17, 7, 1, -10, -18, -15, 29, -6, -13, -10, 10, -15, -10, 21, 6, -1, 1, -2};
weights_conv[16] = {4, -3, 0, 11, -5, -8, 0, -14, 14, 8, 0, 8, 8, -9, 9, 0, 0, 4, 0, -15, -25, -9, 3, -11, 0, 3, 5, -24, 14, -6, -13, 7, 4, 12, -3, 1, 30, -1, 6, 120, -12, 0, 15, 1, 72, 0, -21, -5, 5, -12, 6, -20, -6, -17, -9, 28, -5, -6, 2, -6, 13, 0, -6, -2, -1, 2, -5, 3, -24, 0, 144, 4, -16, -10};
weights_conv[17] = {-12, -11, 0, 23, 2, 3, 0, 2, -7, 17, 0, -3, -3, 0, 0, 0, 0, 10, 0, -10, -2, -8, -1, -2, 0, 5, -4, -5, -11, 6, 6, 11, 3, 2, -1, 12, -12, 19, -1, 1, -11, 0, 4, -18, -7, 5, -10, -8, 4, 18, 9, -1, -10, -8, -3, 2, -24, -11, 7, 5, 2, 16, -11, -11, -1, -2, 0, 19, -10, -2, 0, -18, -2, -2};
weights_conv[18] = {-20, 5, 0, 2, 7, 5, 0, -10, 2, -22, 0, 0, -29, 16, 5, 0, 0, 5, 0, 4, -6, -26, 4, -9, 0, 0, 4, 10, 5, -14, -15, -27, -13, -1, -7, 8, 15, 1, 3, 5, -12, 0, -4, 4, 2, -10, -12, 9, 1, -8, -8, -3, -31, -4, -5, 5, -7, -14, -18, 3, -4, -2, -7, -5, 23, -7, -1, -12, -15, -9, 2, 8, -7, 4};
weights_conv[19] = {-18, 8, 0, 9, 9, -4, 0, 3, 6, 6, 0, 6, 16, -8, -5, 0, 0, -3, 0, 2, -5, 5, -9, -2, 0, -9, 7, -9, 11, 7, 2, 0, 1, -4, -2, -3, 3, 6, -2, -2, 9, 0, -1, 6, -17, -11, 3, 3, -6, 7, 15, -4, -1, 17, 6, 1, -11, -6, 1, 0, 13, 9, -4, 0, 8, 9, -12, 11, 13, 3, 1, 15, 5, -1};
weights_conv[20] = {-7, -26, 0, 4, -15, -10, 0, 4, 3, 3, 0, 18, 0, -3, 6, 0, 0, 3, 0, 2, 19, 13, 1, -1, 0, 7, 6, 23, 23, -3, -14, -7, -23, -7, -2, 7, -4, 9, -1, 12, -11, 0, 6, 2, 16, -15, -4, -14, -7, 5, -17, 0, 19, -10, 1, 21, -5, -9, 1, 23, -9, 26, 8, -12, -25, -6, -19, 4, -24, 11, 2, -2, 13, -12};
weights_conv[21] = {15, -3, 0, -5, -4, 4, 0, 10, -23, -6, 0, 9, 16, 0, -8, 0, 0, 38, 0, -6, 4, -1, 9, 1, 0, -18, 5, 1, -15, -3, 24, -9, 4, 3, -19, 1, -18, 2, -1, 9, 6, 0, 7, 5, 14, 1, 6, -5, -16, 8, -29, 7, 18, 10, -10, -3, 10, 3, -3, -2, 2, -13, 1, -7, -12, -6, -2, 9, 1, -19, 7, -7, -5, 7};
weights_conv[22] = {-13, 20, 0, -12, 3, -5, 0, -9, 6, 0, 0, -10, 4, -4, -1, 0, 0, -4, 0, -15, -12, -6, -3, -13, 0, -6, 0, -4, -2, 5, -4, 0, -7, -2, 4, -4, -10, -13, -3, 3, 6, 0, 1, -3, 2, 12, -1, 7, 25, -23, -5, -16, -3, -1, 5, 0, -4, 6, 5, -11, -4, -13, -6, 4, 12, -1, -22, -16, -7, -8, 8, -14, 1, -6};
weights_conv[23] = {-6, -20, 0, -11, -12, -5, 0, 6, -17, 4, 0, -6, 24, 0, -16, 0, 0, -9, 0, -4, -3, -1, -9, -23, 0, 13, 3, -2, -15, 10, 5, -5, 17, -25, -10, 1, -7, 1, -10, -1, -16, 0, -5, -13, -6, -15, -13, -2, -2, -16, 23, 0, -2, 1, -5, -17, -2, -20, -17, -4, -15, 4, -2, -9, -13, 14, -2, -1, 4, -4, 4, 3, -22, -4};
weights_conv[24] = {-6, -13, 0, 2, 9, -9, 0, 14, -4, -5, 0, -3, 11, -1, -3, 0, 0, 0, 0, 10, -4, -1, -4, 11, 0, -5, 1, 1, -2, 5, 7, 13, 6, 0, -1, -5, -4, -12, -2, -5, 13, 0, 1, -12, -6, 0, -21, 5, -12, 0, -13, -12, 17, 7, -9, 2, -2, 2, -4, 0, -8, -5, 5, 3, -7, -5, 0, 13, 3, 2, 1, -16, 0, 3};
weights_conv[25] = {0, 0, 0, 0, 0, 0, 0, 0, 0, 0, 0, 0, 0, 0, 0, 0, 0, 0, 0, 0, 0, 0, 0, 0, 0, 0, 0, 0, 0, 0, 0, 0, 0, 0, 0, 0, 0, 0, 0, 0, 0, 0, 0, 0, 0, 0, 0, 0, 0, 0, 0, 0, 0, 0, 0, 0, 0, 0, 0, 0, 0, 0, 0, 0, 0, 0, 0, 0, 0, 0, 0, 0, 0, 0};
weights_conv[26] = {7, 4, 0, 6, 4, -1, 0, -1, 0, -2, 0, 0, -3, 0, 2, 0, 0, -3, 0, 5, 1, 8, -8, -2, 0, 13, -7, -1, -3, -11, 8, -4, 15, 5, -3, -5, 9, 10, -5, -6, 1, 0, -5, -6, 4, 16, 7, 0, 1, 1, 2, -12, -7, 3, 10, 2, 6, -1, 14, 2, 3, 7, 6, 10, 0, -13, 6, 12, 5, 1, 1, 3, -16, 0};
weights_conv[27] = {-15, -32, 0, 3, 0, 1, 0, 9, 1, -5, 0, 3, 9, -15, -6, 0, 0, -2, 0, -7, -2, -3, -12, -4, 0, 2, 2, -25, -8, 1, 7, 6, 4, 2, -8, -3, 2, -7, 1, -9, 6, 0, 2, -12, -11, -3, 2, 5, 4, 2, -3, 5, 15, 0, -9, -4, -3, 13, 3, 2, 12, -5, 2, 1, -7, 26, -7, -3, 15, -10, -12, -14, -13, 3};
weights_conv[28] = {18, 8, 0, -1, 4, 8, 0, -1, 3, 12, 0, 0, -7, -13, 2, 0, 0, -9, 0, 1, -3, 1, 17, -5, 0, -6, -4, 10, 1, -5, 4, 11, -7, 7, 16, 17, -9, -7, 10, 0, -18, 0, 1, 5, -7, -5, -8, -2, -6, 7, 9, 2, 4, -17, 10, -3, -11, -1, 0, -3, -2, 7, -9, -10, -11, 9, 0, 13, 8, 7, -9, -8, -1, 5};
weights_conv[29] = {-20, 44, 0, 0, 1, 9, 0, 2, 2, 5, 0, 7, -10, -1, 13, 0, 0, 4, 0, 3, 14, -8, 16, 9, 0, 19, -11, -2, 22, 0, -10, -9, -12, -20, -3, -8, 18, -5, 0, 29, -4, 0, -1, 18, 26, -15, -10, -20, -7, 1, -10, 6, -13, 0, 1, 30, -3, 1, -10, 14, 5, 16, 17, -2, 7, -6, -9, -4, 13, -4, 10, -7, 14, 2};
weights_conv[30] = {1, 10, 0, -5, 4, -9, 0, 9, 5, 2, 0, 1, 9, -15, -16, 0, 0, 1, 0, -1, 7, 14, -14, -6, 0, 1, -4, 1, 0, -11, 0, 1, 21, -6, -6, 1, -8, -2, 2, -1, -6, 0, 0, -6, -1, -8, -4, -2, 6, 1, 4, 1, -1, -8, -4, -6, 9, 6, -6, 0, -9, -3, 2, -14, -3, 9, -1, 0, 7, -5, -1, -5, 2, 3};
weights_conv[31] = {0, 28, 0, -4, 7, 8, 0, 3, -2, 6, 0, -12, 16, -12, -1, 0, 0, 3, 0, -3, -22, 8, 3, 1, 0, 8, 5, 1, 0, 11, 1, 7, -21, 4, -5, 11, 8, -6, 1, 11, -7, 0, -5, -1, 13, 13, 6, -8, -8, 3, -13, -5, 8, -19, 23, -7, -7, -6, 7, -3, 1, 11, -18, -2, -7, 5, -2, 0, -2, -1, -6, -3, 2, 5};
weights_conv[32] = {0, 0, 0, 0, 0, 0, 0, 0, 0, 0, 0, 0, 0, 0, 0, 0, 0, 0, 0, 0, 0, 0, 0, 0, 0, 0, 0, 0, 0, 0, 0, 0, 0, 0, 0, 0, 0, 0, 0, 0, 0, 0, 0, 0, 0, 0, 0, 0, 0, 0, 0, 0, 0, 0, 0, 0, 0, 0, 0, 0, 0, 0, 0, 0, 0, 0, 0, 0, 0, 0, 0, 0, 0, 0};
weights_conv[33] = {-4, -10, 0, 8, 0, 4, 0, -3, 11, -1, 0, -1, -1, -2, 5, 0, 0, 11, 0, 7, 8, 10, 0, -4, 0, 9, 3, 14, 3, -14, 9, -14, -17, 12, -18, -9, 11, -11, 6, 3, 11, 0, -2, 2, 5, -5, 4, -10, 5, 7, -4, 4, -10, -7, -5, 6, -4, -11, -17, 13, 3, 2, 1, 0, -1, -6, -11, -4, -12, 3, 2, 8, 0, -10};
weights_conv[34] = {-14, 30, 0, 1, -6, 6, 0, 11, -2, 7, 0, 9, -7, 11, 13, 0, 0, 4, 0, -7, 2, 20, 12, 11, 0, -5, 2, -9, 2, -7, -3, -12, 1, -12, -6, -22, -17, -10, 9, 1, 4, 0, 1, 13, 7, -14, 7, -8, 4, -19, -13, 12, 4, -27, -3, 1, 14, 3, 24, 2, 2, -5, 21, 0, -16, 8, 11, -2, -8, 0, 11, -10, 3, 3};
weights_conv[35] = {-41, -48, 0, -5, -3, -4, 0, -10, -3, -21, 0, 11, -6, -3, 4, 0, 0, 6, 0, 21, 1, 15, -7, 3, 0, 0, -5, 19, 2, 12, -4, 17, -4, -13, 4, 10, 4, 6, -4, -3, -9, 0, -6, 10, -3, 10, 19, 18, -34, -14, 4, 7, 4, -2, -2, 2, 4, -8, 2, -5, 6, 27, 14, -8, -3, -10, 27, 10, 10, -9, -4, 21, 5, 13};
weights_conv[36] = {2, -14, 0, -3, -6, 2, 0, -4, 3, 0, 0, 0, -11, -5, -3, 0, 0, 1, 0, -6, -8, -11, -11, -4, 0, -5, 3, -9, 0, 0, -1, -4, 4, -6, -3, 1, 6, -6, -3, -1, -12, 0, 4, -7, -5, -5, -1, 0, 8, -2, 4, 2, -3, -6, 2, 0, 3, 0, 1, 0, -5, -15, -5, 6, -6, 2, -7, -5, 3, -7, -1, -8, -2, -3};
weights_conv[37] = {20, -35, 0, -6, -11, 3, 0, -6, -35, -2, 0, 3, -21, -5, -12, 0, 0, 19, 0, -18, -3, -11, -14, -9, 0, -25, 19, -5, 1, -15, 0, -21, -13, 9, 5, 9, 4, -20, 11, 8, -35, 0, 14, 10, 6, 12, 4, -16, -3, 4, -14, -7, 17, -10, 13, -7, -4, -7, -15, 2, -17, -2, -2, 3, 7, 1, 5, 0, -10, -5, 21, 2, 7, -8};
weights_conv[38] = {-8, -18, 0, -8, 0, -11, 0, 2, -4, 3, 0, -2, 9, 5, -2, 0, 0, -4, 0, -8, -10, -9, -7, -14, 0, -19, 20, -6, 8, -12, -1, -1, -3, -5, 3, -15, -4, 9, 1, -2, 13, 0, 14, 1, -1, -6, 1, 12, 2, -9, -1, -5, -7, 7, -6, -2, -14, -15, -8, 13, 5, -1, -11, 9, -5, -5, 18, -8, 27, -8, -1, 1, 37, 7};
weights_conv[39] = {6, -38, 0, 2, -18, -5, 0, 8, -19, 3, 0, -1, 19, 7, -19, 0, 0, 3, 0, -13, -13, -7, -10, -2, 0, -22, 6, -13, 3, 8, 9, -1, -2, 0, 6, -17, -7, -1, 6, -1, -8, 0, 8, 6, -9, -7, -13, -12, 13, -7, -28, 11, 9, -21, 4, 1, -4, -11, -15, 0, -4, -2, -10, 2, -1, 10, 1, -11, 14, -8, -2, 0, 9, 3};
weights_conv[40] = {-2, -10, 0, 2, -7, 6, 0, 5, 4, 6, 0, 3, 18, -6, -26, 0, 0, -4, 0, 5, 9, -9, -15, 0, 0, -3, 1, 3, -17, 40, 7, 13, -20, 3, -7, -5, -5, 14, 3, 3, -5, 0, 0, -13, 6, -17, -2, -24, -1, -12, -10, 17, 5, -9, 3, 3, 9, 11, -33, -1, -7, 3, 2, -2, -5, 17, 3, 3, 12, -13, -4, 10, -7, 2};
weights_conv[41] = {-17, -2, 0, -1, 1, -1, 0, 4, 12, -10, 0, -8, 4, -7, 12, 0, 0, -9, 0, -15, -12, 7, -23, 11, 0, -6, 8, -10, 29, 8, -3, -15, -14, 5, 0, -17, 4, 2, 1, 5, -8, 0, 13, 12, -5, 27, 19, -37, 3, 15, -13, -1, -11, -21, 22, 3, -10, 3, -8, 9, -1, 11, 6, 6, 3, 14, -10, -10, -8, -4, 5, -3, 6, -27};
weights_conv[42] = {0, -2, 0, -7, -18, -4, 0, 5, -5, 1, 0, -4, 4, 1, -13, 0, 0, 7, 0, 4, -4, -4, -11, -3, 0, -1, 4, 9, -4, 11, -1, -2, -1, 11, 6, -11, -6, -17, 8, 3, -14, 0, -6, -6, 2, -16, -10, -17, -11, -4, 7, -4, -1, -11, 4, -12, -3, -6, -9, 7, -11, 8, -17, 0, -8, 7, 1, 2, 0, -4, 0, -3, -6, -8};
weights_conv[43] = {-4, 30, 0, 9, 7, 9, 0, -7, -4, 0, 0, -15, -10, 8, -1, 0, 0, -3, 0, -13, -18, -37, 4, -8, 0, -7, 1, 4, 2, -1, -2, -3, -10, 23, 11, 17, -8, 6, 12, 0, -4, 0, -6, 7, -31, 16, -16, -11, 16, -7, -10, -10, -8, -1, 7, -12, -26, 3, -6, -19, -7, -6, -9, -11, 20, 14, 6, -4, -36, -2, -21, -3, -9, -8};
weights_conv[44] = {3, 5, 0, 5, 10, -1, 0, -2, -2, -10, 0, 3, -2, 17, 18, 0, 0, 9, 0, -5, -2, -3, 1, -15, 0, 3, 0, -8, -6, -4, 2, 1, -8, -7, -3, 1, 13, -16, 1, 1, -11, 0, 1, -7, 0, 4, -10, -6, 0, 5, 0, -1, -12, -10, 6, 7, 0, -6, 10, 3, 4, 2, -1, 18, 9, 7, -10, 11, -4, 2, 4, -6, 2, -3};
weights_conv[45] = {-8, -18, 0, -47, -19, 4, 0, 7, -6, 2, 0, 14, -5, -15, -13, 0, 0, 3, 0, -4, 8, 31, 3, 14, 0, 4, 9, 3, -2, -4, -7, -14, -14, 15, -9, -1, -27, -5, 7, 9, 10, 0, 2, 16, 1, -25, -1, -6, -2, -46, -7, 6, 12, -9, -2, -6, 29, 7, 5, 1, -19, -25, 10, -1, -36, 6, 7, 5, 2, 25, -5, -9, 11, -2};
weights_conv[46] = {21, -64, 0, -4, -24, -6, 0, 12, 0, 9, 0, 1, 2, -16, -10, 0, 0, -9, 0, -8, 5, -13, 23, 12, 0, 24, -9, -4, 9, 8, 23, 31, -17, 39, 4, 20, -28, -12, -5, 5, -6, 0, -4, 1, 8, 2, 3, -4, -26, 28, 7, -7, 24, 11, 18, -10, 6, 27, -8, 7, 8, -10, 3, -8, -12, 1, -3, -13, 1, -11, -12, -11, -17, 5};
weights_conv[47] = {14, 15, 0, -30, -4, -8, 0, 6, 6, -39, 0, -4, 4, -10, 2, 0, 0, 7, 0, 5, -2, 4, -2, -9, 0, 4, 7, 4, -5, 4, -7, -4, 7, -16, 5, 6, -9, -5, -14, -5, 5, 0, 4, 14, -3, 17, 22, 25, -4, -7, 22, 8, -18, -7, 12, -12, 2, 10, -9, 6, 5, -21, 8, 2, -1, 7, -16, -1, 1, -15, 1, -6, -9, 11};
weights_conv[48] = {1, -38, 0, -11, 14, -12, 0, 10, 12, 9, 0, 1, 14, -11, -39, 0, 0, 4, 0, 9, 22, 11, 1, 28, 0, 9, 9, -2, 9, 38, 12, 15, -9, -5, -12, -12, -10, -10, 2, -10, -1, 0, 15, 12, -20, 11, -3, -7, 7, -47, -8, 12, 32, 7, -17, 2, 6, 3, -26, -6, 18, 2, 18, -10, -11, -32, 17, -2, 10, 32, -8, 5, 21, 8};
weights_conv[49] = {-13, -2, 0, 13, 8, 4, 0, 6, -7, -1, 0, -9, 14, 9, 6, 0, 0, -7, 0, -4, -23, 22, 13, 2, 0, 3, -2, -4, -3, 4, -1, -11, 5, 20, 3, 0, -6, 13, 1, 0, 17, 0, 1, -12, -38, 8, -14, 12, 24, -7, 7, 2, 15, 10, -5, -9, -6, -26, 9, 0, -7, 2, -27, -15, 2, -5, 27, 3, 6, 13, -3, -2, -4, 3};
weights_conv[50] = {-20, -40, 0, 2, -18, 3, 0, -1, -3, 17, 0, 21, -8, -7, -14, 0, 0, -3, 0, -7, 13, 5, 4, 0, 0, 3, 1, 3, -2, 0, 11, -5, -2, 11, -22, -1, -6, 5, 1, 4, -2, 0, -2, -5, -2, -6, -7, -4, 13, 10, -1, 16, 11, 9, -15, 4, 12, -3, 2, 4, -9, -16, -13, -7, -22, 12, -10, -6, -31, 15, -2, -13, 10, 5};
weights_conv[51] = {12, 11, 0, -3, 1, 4, 0, 4, 9, 13, 0, -10, 14, 9, -9, 0, 0, 9, 0, 7, -13, 9, 6, 16, 0, -5, 16, 13, 18, 4, 14, -1, -14, 19, 7, -2, 0, 4, 8, -4, -8, 0, 11, 1, -15, -2, -4, -6, 1, 10, -13, 12, 17, -14, -1, 0, 3, 5, -12, 2, -2, 1, -6, 15, -1, 3, 4, 11, 2, 9, -4, 11, 7, -1};
weights_conv[52] = {-1, -32, 0, -14, -3, -8, 0, -1, 10, -4, 0, -9, 10, 17, 23, 0, 0, -8, 0, 12, -19, -19, -6, 3, 0, 2, -5, 3, 2, 5, 6, 3, -10, -21, -4, 11, 28, 6, 2, 1, -4, 0, -8, 0, -12, 16, -12, 13, 10, -3, 8, -9, 3, 6, 7, -10, 3, 15, 18, -9, -6, 15, -1, 14, 21, 5, -6, 13, 10, -15, -7, -1, 6, 12};
weights_conv[53] = {2, -28, 0, 3, -2, 5, 0, -2, 1, 12, 0, -6, 9, 10, 4, 0, 0, -4, 0, 4, -8, 10, -3, -12, 0, -13, 2, -4, 6, -11, 16, 1, 5, 7, -10, -7, 5, -16, 2, 12, 1, 0, -1, 4, 20, 1, -10, -15, -27, -4, -5, -7, 9, -4, -8, 10, 13, 6, -6, -10, -17, 4, 2, 6, -6, -7, 20, -8, 10, 8, 19, -8, -1, 8};
weights_conv[54] = {0, 0, 0, 0, 0, 0, 0, 0, 0, 0, 0, 0, 0, 0, 0, 0, 0, 0, 0, 0, 0, 0, 0, 0, 0, 0, 0, 0, 0, 0, 0, 0, 0, 0, 0, 0, 0, 0, 0, 0, 0, 0, 0, 0, 0, 0, 0, 0, 0, 0, 0, 0, 0, 0, 0, 0, 0, 0, 0, 0, 0, 0, 0, 0, 0, 0, 0, 0, 0, 0, 0, 0, 0, 0};
weights_conv[55] = {0, 0, 0, 0, 0, 0, 0, 0, 0, 0, 0, 0, 0, 0, 0, 0, 0, 0, 0, 0, 0, 0, 0, 0, 0, 0, 0, 0, 0, 0, 0, 0, 0, 0, 0, 0, 0, 0, 0, 0, 0, 0, 0, 0, 0, 0, 0, 0, 0, 0, 0, 0, 0, 0, 0, 0, 0, 0, 0, 0, 0, 0, 0, 0, 0, 0, 0, 0, 0, 0, 0, 0, 0, 0};
weights_conv[56] = {0, 0, 0, 0, 0, 0, 0, 0, 0, 0, 0, 0, 0, 0, 0, 0, 0, 0, 0, 0, 0, 0, 0, 0, 0, 0, 0, 0, 0, 0, 0, 0, 0, 0, 0, 0, 0, 0, 0, 0, 0, 0, 0, 0, 0, 0, 0, 0, 0, 0, 0, 0, 0, 0, 0, 0, 0, 0, 0, 0, 0, 0, 0, 0, 0, 0, 0, 0, 0, 0, 0, 0, 0, 0};
weights_conv[57] = {3, 13, 0, 0, -5, 9, 0, -3, 13, -3, 0, -2, 4, -3, -1, 0, 0, 1, 0, 6, 2, 6, 12, 2, 0, -1, 3, -4, -1, 9, -10, 1, 2, -9, 0, -1, -9, 2, 3, 4, 3, 0, 0, 0, 1, 0, -10, -8, 13, -2, -10, 0, -10, -3, 2, -3, -21, -20, 2, -4, 9, 0, -9, -2, -5, 8, -12, -4, -7, -5, -3, 1, -5, 1};
weights_conv[58] = {5, 29, 0, 1, 11, -7, 0, 5, 33, -18, 0, 4, -5, 2, 8, 0, 0, -9, 0, 4, -3, 20, 8, 10, 0, -16, 6, 1, -3, 10, -27, 1, 18, -12, -3, -13, -11, 5, -14, 2, -7, 0, 5, -2, 10, -3, -13, -1, 8, 0, 3, -12, -2, 0, 32, -4, 1, -4, 0, 6, 14, 5, 4, -8, 5, -16, 15, -4, -4, 23, -3, 11, -7, 10};
weights_conv[59] = {11, -20, 0, 0, 0, -1, 0, 4, 15, -13, 0, 2, 14, 5, -6, 0, 0, 2, 0, -7, -1, 7, -8, -4, 0, -1, 6, -4, -2, 7, 1, 3, 15, 5, 0, 12, 6, 4, -9, 13, -9, 0, 1, -5, 17, 1, -3, -12, 5, 2, -5, 9, -4, -20, -4, 7, 9, 1, -2, 0, 1, -6, -2, 6, -2, 11, -4, -1, 7, -6, 13, -16, -10, 2};
weights_conv[60] = {3, -17, 0, -2, 10, -2, 0, -5, -11, -20, 0, -1, -3, -2, 8, 0, 0, 6, 0, 2, -5, -6, -7, 2, 0, -18, 8, 0, 2, -1, 9, 7, -6, 1, 6, -15, 3, -7, -6, -1, 7, 0, 5, -14, -5, 9, 2, 5, 13, -12, 4, -2, -4, 2, 0, -4, -7, 12, -7, 3, -3, -10, 7, 9, 8, 9, -10, -1, 14, -21, -3, 4, -3, 1};
weights_conv[61] = {-1, -5, 0, 8, -9, -1, 0, -7, 5, 8, 0, 9, -11, -7, 2, 0, 0, 3, 0, -4, -8, -6, -3, -4, 0, 9, 1, 4, -2, -13, 8, -1, -10, 3, 1, 10, -9, 6, -11, -4, -3, 0, 15, -1, 0, -14, 8, -11, -3, -3, 12, -11, 1, -2, 3, 14, -25, -22, -2, 18, -1, 25, -6, -19, -18, -3, -22, 11, -19, -10, 1, -22, 6, -28};
weights_conv[62] = {7, -26, 0, -4, -4, 3, 0, -3, -3, 5, 0, 6, -5, -2, -1, 0, 0, -4, 0, -13, 0, -5, 3, -1, 0, -14, 4, -14, 5, 3, 1, 9, -2, 0, 10, -3, 7, 6, 3, -3, 3, 0, 3, 0, -11, 8, 9, -3, -4, -3, -10, 10, 4, 1, 0, 0, -2, -2, -2, 3, 6, -15, 13, 4, 0, 1, -4, -10, 5, -4, -7, -13, 1, 2};
weights_conv[63] = {41, -84, 0, 5, -9, -3, 0, -5, 0, -12, 0, 9, -10, -16, -26, 0, 0, 2, 0, -2, -5, 28, -11, 15, 0, -10, -2, -10, -10, 4, 11, 7, 9, 4, -1, -25, -16, -13, 5, -14, 12, 0, 12, 11, -8, -7, -25, -6, -18, 6, 2, 5, 20, 1, -15, 1, 13, 5, -11, -1, -5, 7, -2, -11, 6, -24, 17, 2, -4, 12, -9, -14, 5, -10};
weights_conv[64] = {5, -25, 0, 1, 4, 3, 0, -4, 7, -1, 0, -3, -8, -7, 6, 0, 0, -2, 0, -13, -8, -7, 3, -13, 0, 0, -2, -14, 3, 5, 5, 10, 2, -3, 11, 0, 1, 2, 2, 3, 0, 0, 1, 3, -12, -1, -7, -7, -2, 3, 5, 1, 6, -2, -3, 5, -1, -3, -2, -8, 0, -9, -4, -2, 2, 0, -13, -10, -3, -5, 0, -21, -2, -3};
weights_conv[65] = {4, -16, 0, 2, -2, 1, 0, 1, 2, -13, 0, -1, 6, -2, -11, 0, 0, 8, 0, -6, -7, 4, -11, -5, 0, 8, -1, 2, -12, -1, -15, -7, 0, -4, -11, -19, -8, -14, 4, -1, -2, 0, -4, -16, 4, 2, 2, 2, 0, -8, 3, 2, -6, -2, -10, 3, -2, 1, -4, 0, -4, 4, -3, -2, -11, -12, -8, 6, -4, 1, -4, 9, -12, -3};
weights_conv[66] = {-11, -14, 0, 3, -5, 1, 0, -1, -2, -1, 0, -5, 3, 8, -13, 0, 0, 1, 0, 11, -3, 2, -3, -3, 0, 1, 0, 7, -11, -1, 14, 12, 1, 0, -1, 24, 1, 7, 0, -3, 4, 0, -2, -10, -5, -6, -7, -3, -4, -2, -3, 2, 9, -4, -6, 5, 1, -7, -5, 2, -6, 8, -1, 4, 5, -7, 3, 7, 4, -2, -3, -3, -2, 6};
weights_conv[67] = {14, 4, 0, 1, -11, -1, 0, -3, -3, 6, 0, -2, -2, -4, 1, 0, 0, -2, 0, 3, 4, -6, -8, 1, 0, 1, -2, 8, -4, -1, -7, -2, -5, 3, 4, 6, -6, 7, 2, 0, 15, 0, 6, 1, 3, 8, 13, 3, 10, 0, 2, -4, -5, 13, 9, -4, -3, 7, 3, -4, 0, 3, 2, -7, -8, -2, 7, 1, 3, 3, 0, -5, -1, -5};
weights_conv[68] = {-2, 4, 0, 10, 3, 1, 0, -3, -2, 4, 0, -5, -8, 3, 0, 0, 0, -2, 0, -2, -2, 2, 1, -5, 0, 1, 0, 8, 5, -11, -1, 3, -3, 7, -6, 4, -1, 1, 5, 3, 11, 0, 4, 6, 2, -2, 0, -2, 16, 2, -1, 1, -5, -3, -1, 3, -7, -4, -4, 5, -6, 2, 1, -2, 2, -13, -2, 3, -5, 4, 3, 7, 7, -6};
weights_conv[69] = {23, -19, 0, -7, -20, -3, 0, -10, -1, 1, 0, 4, -12, -11, -5, 0, 0, -2, 0, 5, 8, -7, 1, 7, 0, 15, 6, -4, -14, -2, 9, -4, -7, 4, -15, -14, -19, -3, -6, -1, 12, 0, 2, -8, 3, -11, -2, -6, 1, -1, 13, -5, -3, 12, -5, -11, -4, -16, -12, 0, 5, -5, 2, -13, -16, 6, -11, -10, 9, -4, 9, -23, -6, -18};
weights_conv[70] = {8, -34, 0, -7, -1, 2, 0, 5, 8, -5, 0, 6, -3, 3, -2, 0, 0, 2, 0, 4, 2, 3, 5, 8, 0, -3, -11, -8, -3, 0, 1, 11, 0, -6, 1, -16, 11, -3, -4, -4, 5, 0, -1, 0, -10, -4, 1, -3, -10, -10, 3, 0, 16, 3, -16, 9, 7, 10, 6, 1, -10, -3, 4, 16, -1, 6, 0, -5, 0, -2, -3, -6, -4, 11};
weights_conv[71] = {-11, -1, 0, 12, 12, 0, 0, 4, -4, -2, 0, 0, -2, 6, 6, 0, 0, -12, 0, -9, -12, -1, -26, -10, 0, -10, 6, 0, 2, 4, -11, -7, 7, 9, -2, -5, 7, -8, 0, -2, -2, 0, 0, -2, 2, 1, 8, 2, 5, -3, 10, 8, 9, 0, -3, -1, 1, 3, 3, -3, -1, 12, 7, 2, 0, -8, -6, 6, -15, 3, 4, -7, -3, -6};

Bias (8 bit):
bias_conv = {-505, -55, 1247, -129, -1073, -808, 1844, 1430, 282, 823, 1752, 391, -784, -1611, 1183, 0, 0, 0, -810, -2182, -2215, 381, -2137, -2483, 66, -2178, 1145, 653, 1841, 1179, 615, -220, 1125, -61, 2944, 1493, -1045, -122, 591, 0, -1133, -580, -254, -863, 327, -1623, 0, -337, 1588, 1328, 593, 454, -1966, 3931, -336, -190, -456, 751, 1757, -2094, -540, -52, -2086, 1173, -372, -641, -362, 0, 741, 820, 691, 0};
Input range (8 bit):
 [-4, -3, -2, -1, 0, 1, 2, 3, 4]
Output range (8 bit):
 [-109, -82, -55, -27, 0, 27, 55, 82, 109]
