Input scale (32 bit):
 33954784
Input zero point:
 127
Weight scale (32 bit):
 5021216
Weight zero point:
 126
Output scale (32 bit):
 106102360
Output zero point:
 72
M scale (32 bit):
 1606885
Weight (8 bit):
weights_conv[0] = {-16, 76, 21, 66, 39, -91, -76, 14, -54, -20, 16, -48, 30, 7, 1, 59, -59, 25, -59, 60, 10, 57, -76, -52, 13, -60, -49, -96, -42, -69, 94, 31, 16, -60, -31, 84, 34, 62, -35, 59, 72, -76, 49, 42, 92, 108, 0, -49, -38, 15, 90, -84, 69, -1, 34, -49, 16, -18, -7, 38, 48, -43, -8, 58, 67, -34, -64, 128, 14, -11, -5, -85};
weights_conv[1] = {55, -42, 91, 72, -37, -3, -70, 38, -56, 118, -8, 35, -13, 53, -27, 89, -75, -86, 55, -67, 41, -65, -34, -111, 16, 30, -46, 66, 75, -39, 65, 62, 56, 12, 16, 43, 27, 80, -54, -14, -74, 38, 92, 35, 78, -36, -49, 2, -63, 107, 79, 61, 97, -44, -61, -68, 43, -15, 73, -67, -53, -63, -33, 67, 52, -3, -71, 89, 93, 121, 85, -19};
weights_conv[2] = {-96, -34, 44, -73, 117, 41, 9, -33, -24, 30, -74, -50, 53, 16, -19, -60, -64, -55, -58, -25, 77, -70, 66, -88, -26, -25, 96, -41, 22, 45, 1, -12, -48, 75, -86, 11, 52, -65, -57, -24, 21, -75, 24, -69, 21, 4, 50, 112, -49, 119, -48, 6, 14, 51, 27, 9, 48, -19, 10, -67, -21, -113, 22, -2, 92, -55, -17, -49, 52, -5, 41, 69};
weights_conv[3] = {25, -12, 12, 17, 9, -42, -28, -12, -44, 28, -11, 27, 56, 74, -95, 70, 105, -90, -39, 67, 12, -84, 80, 5, 25, -60, 32, 40, -55, -118, 38, -14, -36, -64, -97, -11, -1, -63, -104, 112, -1, -43, -28, -38, -12, -45, 10, 24, -35, 38, 98, -63, 115, -16, 47, -6, -94, 25, -47, 49, 10, -88, -70, 75, 34, 41, -15, 83, -48, 124, -46, -46};
weights_conv[4] = {-13, -4, -54, -53, -64, -60, 52, 68, -51, -8, -7, 107, -37, -93, -93, 44, 64, -39, -75, 43, 99, 71, -38, -38, -30, 68, 98, -83, 48, -111, -66, -82, -42, -43, -67, -15, 38, 5, 78, 100, 35, -24, 39, -58, 6, -66, -43, 40, 15, -18, 12, -67, 52, -7, 19, -79, -91, -34, 109, 64, 37, 41, -76, -46, 96, -41, -36, -71, 77, -25, -40, 80};
weights_conv[5] = {16, -23, -73, -92, 26, -45, 53, -4, -34, 21, 2, 75, 69, 84, -62, 12, -62, -74, 39, 75, -23, 16, -68, 71, -36, 90, 75, 84, -34, 79, -81, 1, -85, -44, 68, 61, 9, -43, -58, 119, -54, 34, 51, -125, -15, 28, 16, 68, 7, -9, -52, 43, 19, 64, 19, -94, 48, -79, 19, -48, 19, -31, 93, -93, -72, -43, 56, 1, -79, 89, -50, 37};
weights_conv[6] = {54, -101, -60, 13, 28, 93, 77, 74, 35, 19, 46, 15, -45, 60, 0, -50, -39, -11, -47, 19, -9, 10, -51, -65, -65, 60, 38, 55, 11, 54, -63, -33, -100, -16, -53, 59, -52, 42, -10, -73, -36, -74, -53, -89, -32, -56, -56, -30, 49, -22, -5, -50, 101, 119, 66, -46, -28, 100, 108, -51, 23, 34, 3, -26, -76, -18, -52, 45, 16, 20, 33, -88};
weights_conv[7] = {32, 69, -62, -20, -5, -71, -73, 30, -69, -13, 50, 101, 55, 32, 17, -39, 121, -77, 32, 67, 18, -25, 69, -16, 31, -51, 48, 15, -81, 26, 51, 87, -71, 90, -110, 113, 4, -28, 39, 28, -67, 34, 106, 14, 14, -61, -17, 17, 49, 90, 21, 71, 68, 81, 11, -26, -99, 113, 65, 18, 64, 60, 112, 25, 1, -65, -26, -43, 33, 22, -61, 89};
weights_conv[8] = {-22, 51, -17, -24, 74, 3, -7, 68, -27, 87, -5, -81, -36, -9, 27, 85, 107, 16, -5, -77, -8, 73, 91, -96, 34, -63, -24, -107, -91, -27, 30, -70, 80, 61, 41, 54, -38, 17, -5, -50, 8, -51, -77, -73, 25, 48, -76, 80, -2, -13, -80, -17, -15, -1, 69, 67, 81, 33, -46, 4, 17, -86, -75, -66, -69, -75, -74, -69, 99, -62, 15, 87};
weights_conv[9] = {56, 70, 8, 27, -76, 59, 60, 50, -69, -22, -35, 53, -78, 53, 34, 81, 65, -1, -70, -65, -53, -24, 69, -28, 118, 53, 111, -93, 1, -110, -29, 114, 62, 91, -44, -41, -21, 28, 81, 39, -58, 40, -67, -35, -72, 101, 31, 64, 18, -74, -19, -65, 0, -43, -26, -90, -60, 34, 79, 77, -78, 83, 23, -90, 18, 36, 44, -50, -33, -49, -83, -44};
weights_conv[10] = {8, 57, -33, 89, -118, -62, 11, 70, 66, -79, 87, -88, -52, 69, -70, 30, -96, 76, 6, -89, -26, -4, 12, 72, 50, -23, -96, -74, 65, 89, -110, -89, -70, -77, 66, -13, -70, -56, 35, 13, 21, 68, -62, 59, 45, -114, 44, -37, -58, -117, -2, 39, -11, -103, -98, 67, 84, -110, -44, 90, -39, -49, -96, 102, 70, 19, -56, -81, -26, -37, -36, 62};

Bias (8 bit):
 {3978, 10289, 7746, 8029, 1099, 6976, 3951, -10326, -8159, 2137, 8916};
