Input scale (32 bit):
 33954784
Input zero point:
 127
Weight scale (32 bit):
 5381318
Weight zero point:
 124
Output scale (32 bit):
 109403704
Output zero point:
 167
M scale (32 bit):
 1670158
Weight (8 bit):
weights_conv[0] = {131, 27, 66, -44, -58, 71, 119, 95, -36, 77, -14, 77, -124, 115, 2, -84, 54, -78, 18, -52, 8, 47, -100, 97, 59, -58, -50, -50, 62, -37, -100, -117, -64, -16, -57, -20, -33, 45, 3, -56, -79, -76, 71, -41, -78, -58, 86, 73, -101, -14, 90, 95, -78, -12, -43, -46, -21, 4, -111, 37, 37, 108, -114, 50, -85, 37, 108, -65, 27, -28, -8, 4};

Bias (8 bit):
 {939};
