Input scale (32 bit):
 34116608
Input zero point:
 128
Weight scale (32 bit):
 61000596
Weight zero point:
 138
Output scale (32 bit):
 434318432
Output zero point:
 131
M scale (32 bit):
 4791722
Weight (8 bit):
weights_conv[0] = {39, 42, -7, -32, -6, 8, 16, -14, -15, 5, -11, 9, 79, -4, 19, 25, 9, 13, -22, -16, -12, 63, 15, 8, -53, -31, 7, -2, 88, -40, -51, 5, 23, -9, -19, 17, 19, 17, -2, 54, -7, -17, 15, -19, 14, 29, 28, 8, 21, 13, 14, -2, 25, 19, -1, -23, 12, 10, -18, -10, -20, 16, 0, -18, -43, 49, -14, -38, -104, -18, -10, 65};
weights_conv[1] = {14, -12, -20, 26, -61, 9, 26, -36, -13, 7, -9, 12, -25, 8, -21, 26, 4, 1, 13, -68, 0, 46, 11, -39, 31, -63, -12, -15, -3, 11, 55, 56, 16, 10, 11, 11, 3, 15, -39, 98, -14, -7, -53, -7, -16, 17, 2, 9, 13, 16, 15, 17, -20, 26, 6, -6, 9, 8, 10, -13, -9, -20, 2, 21, 6, 116, 15, 26, -10, 20, -69, -49};
weights_conv[2] = {-57, 43, 2, -1, 16, 19, 1, 47, -16, -8, -19, 11, 38, 6, -2, -44, 10, 43, -15, 13, 24, -20, -26, -17, -37, 2, 34, -19, -78, 28, 46, 16, 0, 21, -39, 32, -2, 10, -15, 1, -13, -19, 22, -5, 11, 11, -51, 22, -25, 22, -7, 33, 19, 48, 14, 2, -53, 13, 51, -17, -4, -43, -16, 22, -13, -25, -17, 62, 11, -44, -24, -102};
weights_conv[3] = {35, -25, -13, 55, -20, 4, -33, -11, -9, 24, -8, 9, -28, 11, 61, 26, 14, -83, -3, 30, -25, -36, 8, 9, 34, 13, 38, 45, 6, -1, 12, 29, 36, 2, 29, 2, 13, 2, -11, -138, -7, -10, -90, -29, -36, -2, 29, 8, -9, 10, -2, -51, 4, -19, 5, -3, 10, 9, -39, -3, -49, -19, 6, -42, -38, 29, 11, -36, 17, 34, 5, 43};
weights_conv[4] = {34, 62, -6, -54, 23, 1, 11, -82, -7, 16, -5, 12, 36, 20, 7, -37, 9, 1, -7, -79, 6, 70, -10, -19, -51, -26, -52, -2, 64, -32, 2, 31, 19, 48, -2, 27, 7, 4, -52, 20, -2, -6, 24, -13, 45, -6, -6, 7, 32, 3, 4, -11, -2, -36, 10, -20, -35, 2, 49, 0, 5, 37, 18, -9, -4, -36, -6, -14, 46, -24, 22, 2};
weights_conv[5] = {17, -1, 12, -27, 76, 6, -4, -29, -10, 6, -8, 14, -1, 4, -119, -28, 4, -77, -30, -3, -14, 14, -11, -19, -97, 15, -8, 14, 32, -16, -33, 2, -53, 4, 19, 10, -6, 5, -21, 86, -12, -6, 7, -5, -26, 4, -16, 13, 18, 8, 47, -8, -71, -37, 16, -27, 26, 3, -46, -11, 42, 3, -38, -25, 41, -31, 83, -33, -5, 95, -12, -48};
weights_conv[6] = {-1, -37, -18, 25, 27, 16, -29, 65, -6, 48, -6, 10, -22, 10, -11, -44, 7, 29, -20, -1, 20, -46, -3, -8, 13, 18, -11, 53, -104, 14, 32, -23, -4, 1, -3, -8, 10, 12, -24, 28, -11, -14, 36, 9, -59, 1, 44, 6, 30, 7, 7, -1, 20, 27, 38, -7, 8, 16, -52, -10, -49, 18, 39, 18, 5, -63, -8, 62, 45, -30, 33, -85};
weights_conv[7] = {-19, 55, 10, -32, 15, 6, -29, 40, -15, 6, -7, 17, 40, 14, 51, -10, 19, 86, 14, 22, -6, -15, 8, 5, 15, -39, -12, -2, -107, -21, -9, -15, -20, -2, -44, 21, 8, 8, -41, -7, -15, -8, -3, 7, 32, -1, 32, 11, 7, 17, 27, 32, -6, 38, 20, -17, -31, 18, 0, -9, -3, 74, 37, 31, 15, -94, 1, 54, -8, -22, 51, -114};
weights_conv[8] = {-42, 29, -11, -59, -4, 11, 19, 11, -12, 31, -11, 5, 1, -28, 44, -12, 18, 3, 77, 20, 12, -42, -5, -54, 20, -25, 24, -9, 11, 50, -4, -133, 22, -3, 0, 11, -115, 11, 22, -81, -10, -14, -2, -14, 39, 26, -16, 16, -30, 9, -37, 16, -3, -29, 0, 7, -36, 13, 19, -6, 16, -11, 2, -65, -42, 10, -26, -77, 60, -28, -7, -62};
weights_conv[9] = {21, -35, -23, 28, -40, 11, -3, -1, -12, -1, -10, 12, -23, 12, -27, 20, 13, 38, 28, 64, -12, -8, 66, 100, 18, -32, 38, 13, 109, -3, -45, -28, 18, 6, 6, 7, -1, 10, 30, -17, -12, -5, -38, -10, -19, 13, -24, 12, 0, 2, 27, -23, -55, 80, 20, -10, 0, 10, -21, -5, -13, 2, -36, -14, -8, -11, 1, 54, -33, 27, -50, -9};
weights_conv[10] = {-43, 4, -53, 17, 1, -22, -7, -25, 22, -25, 24, -24, -19, -47, -15, 13, -25, -7, -25, -15, -13, -26, -6, 15, 6, 35, 14, 1, -16, 8, 1, -12, -9, -14, 33, -40, 10, -22, 17, 14, 19, 23, 5, 17, 22, -24, -27, -20, -4, -26, -74, -17, 26, -21, -22, 17, 22, -26, 3, 22, -18, -2, -18, 19, 14, 18, -15, -38, -8, -10, 11, 8};

Bias (8 bit):
 {2722, -260, -878, -795, -1090, -626, -348, -1680, -2438, -986, -908};
