Input scale (32 bit):
 34116608
Input zero point:
 128
Weight scale (32 bit):
 47958432
Weight zero point:
 64
Output scale (32 bit):
 330967040
Output zero point:
 146
M scale (32 bit):
 4943632
Weight (8 bit):
weights_conv[0] = {5, -61, 77, 14, -44, 8, 190, 4, -6, 10, -3, 10, 30, 148, 8, -47, 9, -13, -24, -4, 71, -4, -30, 5, 1, -31, -5, -4, -2, -18, 4, 10, -14, -52, -4, -5, -11, 5, 42, -16, -10, -11, 22, 10, -46, -61, 13, 8, 4, 0, 137, 55, -3, 2, 4, -25, 8, 2, -32, 85, 112, 4, -7, 23, -44, 17, 1, -1, -6, 0, -12, 11};

Bias (8 bit):
 {-1894};
