Input scale (32 bit):
 144137168
Input zero point:
 136
Weight scale (32 bit):
 41400956
Weight zero point:
 120
Output scale (32 bit):
 269143232
Output zero point:
 111
M scale (32 bit):
 22171898
Weight (8 bit):
weights_conv[0] = {0, 0, 0, 0, 0, 0, 0, 0, 0, 0, 0, 0, 0, 0, 0, 0, 0, 0, 0, 0, 0, 0, 0, 0, 0, 0, 0, 0, 0, 0, 0, 0, 0, 0, 0, 0, 0, 0, 0, 0, 0, 0, 0, 0, 0, 0, 0, 0, 0, 0, 0, 0, 0, 0, 0, 0, 0, 0, 0, 0, 0, 0, 0, 0, 0, 0, 0, 0, 0, 0, 0, 0};
weights_conv[1] = {0, 0, 0, 0, 0, 0, 0, 0, 0, 0, 0, 0, 0, 0, 0, 0, 0, 0, 0, 0, 0, 0, 0, 0, 0, 0, 0, 0, 0, 0, 0, 0, 0, 0, 0, 0, 0, 0, 0, 0, 0, 0, 0, 0, 0, 0, 0, 0, 0, 0, 0, 0, 0, 0, 0, 0, 0, 0, 0, 0, 0, 0, 0, 0, 0, 0, 0, 0, 0, 0, 0, 0};
weights_conv[2] = {0, 22, 24, 21, -13, 0, 0, 10, 30, 38, 7, 21, 5, -15, 0, 26, -1, -49, -1, -36, 31, 29, -32, 0, -20, -109, 69, -52, 12, 46, -7, 33, -10, -11, 10, 60, -28, -30, 10, -65, 81, 64, 42, 11, 36, -17, -52, -21, 8, -18, 37, 35, 20, -10, -31, 31, -9, -13, -14, 47, 0, -49, 17, 0, 36, 0, 21, -37, 26, 11, 0, -57};
weights_conv[3] = {0, -11, -20, -25, 32, 0, 0, -52, 35, 12, -25, 71, 47, -24, 0, -58, 37, 30, 94, -66, -38, -10, -14, 0, 37, -24, 57, -13, 46, -15, 3, -43, -71, -13, -42, -22, 54, 13, -28, 25, -2, 11, -20, 42, -37, -26, -43, -57, 47, 47, 21, 4, 4, 47, -57, -64, 30, 47, 28, 17, 0, 21, 27, 0, 62, 0, -26, 37, 51, -54, 0, -1};
weights_conv[4] = {0, 0, 0, 0, 0, 0, 0, 0, 0, 0, 0, 0, 0, 0, 0, 0, 0, 0, 0, 0, 0, 0, 0, 0, 0, 0, 0, 0, 0, 0, 0, 0, 0, 0, 0, 0, 0, 0, 0, 0, 0, 0, 0, 0, 0, 0, 0, 0, 0, 0, 0, 0, 0, 0, 0, 0, 0, 0, 0, 0, 0, 0, 0, 0, 0, 0, 0, 0, 0, 0, 0, 0};
weights_conv[5] = {0, 0, 0, 0, 0, 0, 0, 0, 0, 0, 0, 0, 0, 0, 0, 0, 0, 0, 0, 0, 0, 0, 0, 0, 0, 0, 0, 0, 0, 0, 0, 0, 0, 0, 0, 0, 0, 0, 0, 0, 0, 0, 0, 0, 0, 0, 0, 0, 0, 0, 0, 0, 0, 0, 0, 0, 0, 0, 0, 0, 0, 0, 0, 0, 0, 0, 0, 0, 0, 0, 0, 0};
weights_conv[6] = {0, 0, 0, 0, 0, 0, 0, 0, 0, 0, 1, 1, 0, 0, 0, 0, 0, -1, 0, -2, 0, 0, 0, 0, 0, -1, 0, 1, 0, 0, 0, 0, 0, 0, 0, 0, 2, 0, 0, -1, 0, 0, 0, 1, 0, 0, 0, 0, 0, -1, 0, -1, 0, 0, -1, 0, 0, 0, 0, 0, 0, 0, -1, 0, 0, 0, 0, 0, 0, 0, 0, -1};
weights_conv[7] = {0, 134, 1, 56, 16, 0, 0, -39, 35, 1, 15, 42, -12, -9, 0, -1, 11, -19, 11, 0, 26, -19, 12, 0, 14, -9, -30, -40, 12, 6, 11, -2, -2, -6, 15, -29, -23, -5, -51, -34, 51, -37, -11, -65, 10, -65, -23, 2, 7, -8, -56, 9, 3, -41, 4, -10, 24, 7, -10, -34, 0, 7, -2, 0, -8, 0, -18, -43, -82, 14, 0, -2};
weights_conv[8] = {0, 0, 0, 0, 0, 0, 0, 0, 0, 0, 0, 0, 0, 0, 0, 0, 0, 0, 0, 0, 0, 0, 0, 0, 0, 0, 0, 0, 0, 0, 0, 0, 0, 0, 0, 0, 0, 0, 0, 0, 0, 0, 0, 0, 0, 0, 0, 0, 0, 0, 0, 0, 0, 0, 0, 0, 0, 0, 0, 0, 0, 0, 0, 0, 0, 0, 0, 0, 0, 0, 0, 0};
weights_conv[9] = {0, -18, -53, 15, 63, 0, 0, -37, -14, 38, 12, 4, -76, -56, 0, -16, 18, 39, 20, 9, 11, 9, -39, 0, 17, -21, 15, -1, -6, 5, 79, -37, -20, 11, -4, 11, -7, 22, -19, 29, -36, -18, 15, -55, -33, 3, -65, 10, -16, 8, -21, 65, 45, -79, -48, 0, 4, -59, -5, -27, 0, -14, 6, 0, -48, 0, 1, -29, 34, -35, 0, -49};
weights_conv[10] = {0, 0, 0, 0, 0, 0, 0, 0, 0, 0, 0, 0, 0, 0, 0, 0, 0, 0, 0, 0, 0, 0, 0, 0, 0, 0, 0, 0, 0, 0, 0, 0, 0, 0, 0, 0, 0, 0, 0, 0, 0, 0, 0, 0, 0, 0, 0, 0, 0, 0, 0, 0, 0, 0, 0, 0, 0, 0, 0, 0, 0, 0, 0, 0, 0, 0, 0, 0, 0, 0, 0, 0};
weights_conv[11] = {0, -5, -5, -19, 2, 0, 0, -1, -6, -15, -4, 0, 9, 1, 0, 4, -2, 9, -2, 3, 1, -8, 3, 0, -4, -5, -6, -34, -15, -6, -13, -8, 6, -6, 1, -6, 8, -3, 1, -44, -1, -29, 3, 6, 2, -10, -2, -6, -2, -14, -2, -14, -1, 2, -7, -9, -6, -12, -8, 6, 0, 11, 15, 0, -2, 0, 0, 1, -26, -1, 0, 0};
weights_conv[12] = {0, 0, 0, 0, 0, 0, 0, 0, 0, 0, 0, 0, 0, 0, 0, 0, 0, 0, 0, 0, 0, 0, 0, 0, 0, 0, 0, 0, 0, 0, 0, 0, 0, 0, 0, 0, 0, 0, 0, 0, 0, 0, 0, 0, 0, 0, 0, 0, 0, 0, 0, 0, 0, 0, 0, 0, 0, 0, 0, 0, 0, 0, 0, 0, 0, 0, 0, 0, 0, 0, 0, 0};
weights_conv[13] = {0, 0, 0, 0, 0, 0, 0, 0, 0, 0, 0, 0, 0, 0, 0, 0, 0, 0, 0, 0, 0, 0, 0, 0, 0, 0, 0, 0, 0, 0, 0, 0, 0, 0, 0, 0, 0, 0, 0, 0, 0, 0, 0, 0, 0, 0, 0, 0, 0, 0, 0, 0, 0, 0, 0, 0, 0, 0, 0, 0, 0, 0, 0, 0, 0, 0, 0, 0, 0, 0, 0, 0};
weights_conv[14] = {0, 10, -82, -16, -28, 0, 0, -39, 3, -7, -7, -7, 32, 39, 0, 24, 28, 41, 0, 5, -1, 46, -17, 0, 39, -92, 27, -40, -5, 20, 24, 14, 4, -39, 2, 24, 16, 13, -56, 46, 13, 39, -29, 47, 34, -44, -54, -119, -24, 5, 30, 49, 16, -5, -68, 28, 11, -14, -7, 48, 0, -68, 76, 0, -42, 0, -11, -9, 29, -14, 0, 57};
weights_conv[15] = {0, 0, 0, 0, 0, 0, 0, 0, 0, 0, 0, 0, 0, 0, 0, 0, 0, 0, 0, 0, 0, 0, 0, 0, 0, 0, 0, 0, 0, 0, 0, 0, 0, 0, 0, 0, 0, 0, 0, 0, 0, 0, 0, 0, 0, 0, 0, 0, 0, 0, 0, 0, 0, 0, 0, 0, 0, 0, 0, 0, 0, 0, 0, 0, 0, 0, 0, 0, 0, 0, 0, 0};
weights_conv[16] = {0, 0, 0, 0, 0, 0, 0, 0, 0, 0, 0, 0, 0, 0, 0, 0, 0, 0, 0, 0, 0, 0, 0, 0, 0, 0, 0, 0, 0, 0, 0, 0, 0, 0, 0, 0, 0, 0, 0, 0, 0, 0, 0, 0, 0, 0, 0, 0, 0, 0, 0, 0, 0, 0, 0, 0, 0, 0, 0, 0, 0, 0, 0, 0, 0, 0, 0, 0, 0, 0, 0, 0};
weights_conv[17] = {0, 10, -35, -13, 7, 0, 0, -19, -5, -41, 16, -8, -13, 27, 0, -59, -63, 31, -7, 9, -14, -48, -6, 0, 61, -49, 11, 2, 28, -32, -28, -9, -39, 15, -26, 14, -4, 3, 30, 3, -6, -43, -38, -12, -20, -1, -59, -21, 31, -36, -38, -12, -42, 2, -18, 12, -14, -92, -26, -10, 0, -13, -8, 0, 23, 0, -7, 24, 8, -1, 0, 3};
weights_conv[18] = {0, 0, 0, 0, 0, 0, 0, 0, 0, 0, 0, 0, 0, 0, 0, 0, 0, 0, 0, 0, 0, 0, 0, 0, 0, 0, 0, 0, 0, 0, 0, 0, 0, 0, 0, 0, 0, 0, 0, 0, 0, 0, 0, 0, 0, 0, 0, 0, 0, 0, 0, 0, 0, 0, 0, 0, 0, 0, 0, 0, 0, 0, 0, 0, 0, 0, 0, 0, 0, 0, 0, 0};
weights_conv[19] = {0, 5, 3, -10, 17, 0, 0, 6, 6, -24, 3, 6, -5, -10, 0, 7, -2, 3, 13, -17, 21, 2, 3, 0, -18, -28, -27, -2, -21, 2, -17, -7, 7, -11, 7, -34, -3, -7, -3, -48, 15, -46, 0, 5, 7, -23, -1, 18, 0, -33, 16, -18, 12, 8, 0, -4, 3, -5, -5, 9, 0, 10, 13, 0, -4, 0, 2, -8, -50, -3, 0, -32};
weights_conv[20] = {0, 3, -6, -17, 5, 0, 0, -10, -2, -21, 1, 7, 5, -13, 0, 9, -6, -1, 7, -5, 11, -1, 1, 0, -19, -14, -13, -36, -17, -4, -17, -4, 8, 4, 8, -11, 4, -3, -1, -49, 6, -25, 5, 7, 4, -10, 0, 4, 0, -17, -9, -21, 3, -6, 4, -9, -11, -19, -1, 4, 0, 5, 10, 0, -3, 0, 3, 5, -40, 1, 0, -14};
weights_conv[21] = {0, 17, -13, 26, -9, 0, 0, 1, -17, 4, 32, -33, 4, 51, 0, -16, -62, 10, -33, 13, -70, 13, -15, 0, 40, -25, 6, 39, 35, 56, -32, 41, -20, 42, 20, 25, -21, -1, 17, 28, -34, -35, 4, -12, 24, 62, -92, -20, 27, -27, 19, 4, -45, 11, 15, -63, 16, -56, -28, -23, 0, 25, -10, 0, -11, 0, 12, 14, 49, -28, 0, -39};
weights_conv[22] = {0, 0, 0, 0, 0, 0, 0, 0, 0, 0, 0, 0, 0, 0, 0, 0, 0, 0, 0, 0, 0, 0, 0, 0, 0, 0, 0, 0, 0, 0, 0, 0, 0, 0, 0, 0, 0, 0, 0, 0, 0, 0, 0, 0, 0, 0, 0, 0, 0, 0, 0, 0, 0, 0, 0, 0, 0, 0, 0, 0, 0, 0, 0, 0, 0, 0, 0, 0, 0, 0, 0, 0};
weights_conv[23] = {0, 0, 0, 0, 0, 0, 0, 0, 0, 0, 0, 0, 0, 0, 0, 0, 0, 0, 0, 0, 0, 0, 0, 0, 0, 0, 0, 0, 0, 0, 0, 0, 0, 0, 0, 0, 0, 0, 0, 0, 0, 0, 0, 0, 0, 0, 0, 0, 0, 0, 0, 0, 0, 0, 0, 0, 0, 0, 0, 0, 0, 0, 0, 0, 0, 0, 0, 0, 0, 0, 0, 0};
weights_conv[24] = {0, 0, 0, 0, 0, 0, 0, 0, 0, 0, 0, 0, 0, 0, 0, 0, 0, 0, 0, 0, 0, 0, 0, 0, 0, 0, 0, 0, 0, 0, 0, 0, 0, 0, 0, 0, 0, 0, 0, 0, 0, 0, 0, 0, 0, 0, 0, 0, 0, 0, 0, 0, 0, 0, 0, 0, 0, 0, 0, 0, 0, 0, 0, 0, 0, 0, 0, 0, 0, 0, 0, 0};
weights_conv[25] = {0, 0, 0, 0, 0, 0, 0, 0, 0, 0, 0, 0, 0, 0, 0, 0, 0, 0, 0, 0, 0, 0, 0, 0, 0, 0, 0, 0, 0, 0, 0, 0, 0, 0, 0, 0, 0, 0, 0, 0, 0, 0, 0, 0, 0, 0, 0, 0, 0, 0, 0, 0, 0, 0, 0, 0, 0, 0, 0, 0, 0, 0, 0, 0, 0, 0, 0, 0, 0, 0, 0, 0};
weights_conv[26] = {0, 0, 0, 0, 0, 0, 0, 0, 0, 0, 0, 0, 0, 0, 0, 0, 0, 0, 0, 0, 0, 0, 0, 0, 0, 0, 0, 0, 0, 0, 0, 0, 0, 0, 0, 0, 0, 0, 0, 0, 0, 0, 0, 0, 0, 0, 0, 0, 0, 0, 0, 0, 0, 0, 0, 0, 0, 0, 0, 0, 0, 0, 0, 0, 0, 0, 0, 0, 0, 0, 0, 0};
weights_conv[27] = {0, 0, 0, 0, 0, 0, 0, 0, 0, 0, 0, 0, 0, 0, 0, 0, 0, 0, 0, 0, 0, 0, 0, 0, 0, 0, 0, 0, 0, 0, 0, 0, 0, 0, 0, 0, 0, 0, 0, 0, 0, 0, 0, 0, 0, 0, 0, 0, 0, 0, 0, 0, 0, 0, 0, 0, 0, 0, 0, 0, 0, 0, 0, 0, 0, 0, 0, 0, 0, 0, 0, 0};
weights_conv[28] = {0, 0, 0, 0, 0, 0, 0, 0, 0, 0, 0, 0, 0, 0, 0, 0, 0, 0, 0, 0, 0, 0, 0, 0, 0, 0, 0, 0, 0, 0, 0, 0, 0, 0, 0, 0, 0, 0, 0, 0, 0, 0, 0, 0, 0, 0, 0, 0, 0, 0, 0, 0, 0, 0, 0, 0, 0, 0, 0, 0, 0, 0, 0, 0, 0, 0, 0, 0, 0, 0, 0, 0};
weights_conv[29] = {0, 0, 0, 0, 0, 0, 0, 0, 0, 0, 0, 0, 0, 0, 0, 0, 0, 0, 0, 0, 0, 0, 0, 0, 0, 0, 0, 0, 0, 0, 0, 0, 0, 0, 0, 0, 0, 0, 0, 0, 0, 0, 0, 0, 0, 0, 0, 0, 0, 0, 0, 0, 0, 0, 0, 0, 0, 0, 0, 0, 0, 0, 0, 0, 0, 0, 0, 0, 0, 0, 0, 0};
weights_conv[30] = {0, 10, -9, -30, -31, 0, 0, 23, -53, -27, 24, 27, 36, 46, 0, -47, 32, 67, 24, 4, -3, -45, 17, 0, 19, 0, -2, -16, -19, -69, 52, 18, -24, 34, 1, 0, 10, -30, 6, 47, 10, 1, -24, 36, -95, -54, 22, -34, -26, 25, 8, -58, 19, 21, -35, 29, -75, -5, -29, -90, 0, 5, -17, 0, -21, 0, -13, -16, 11, -1, 0, 62};
weights_conv[31] = {0, 0, 0, 0, 0, 0, 0, 0, 0, 0, 0, 0, 0, 0, 0, 0, 0, 0, 0, 0, 0, 0, 0, 0, 0, 0, 0, 0, 0, 0, 0, 0, 0, 0, 0, 0, 0, 0, 0, 0, 0, 0, 0, 0, 0, 0, 0, 0, 0, 0, 0, 0, 0, 0, 0, 0, 0, 0, 0, 0, 0, 0, 0, 0, 0, 0, 0, 0, 0, 0, 0, 0};
weights_conv[32] = {0, 0, 0, 0, 0, 0, 0, 0, 0, 0, 0, 0, 0, 0, 0, 0, 0, 0, 0, 0, 0, 0, 0, 0, 0, 0, 0, 0, 0, 0, 0, 0, 0, 0, 0, 0, 0, 0, 0, 0, 0, 0, 0, 0, 0, 0, 0, 0, 0, 0, 0, 0, 0, 0, 0, 0, 0, 0, 0, 0, 0, 0, 0, 0, 0, 0, 0, 0, 0, 0, 0, 0};
weights_conv[33] = {0, 0, 0, 0, 0, 0, 0, 0, 0, 0, 0, 0, 0, 0, 0, 0, 0, 0, 0, 0, 0, 0, 0, 0, 0, 0, 0, 0, 0, 0, 0, 0, 0, 0, 0, 0, 0, 0, 0, 0, 0, 0, 0, 0, 0, 0, 0, 0, 0, 0, 0, 0, 0, 0, 0, 0, 0, 0, 0, 0, 0, 0, 0, 0, 0, 0, 0, 0, 0, 0, 0, 0};
weights_conv[34] = {0, 0, 0, 0, 0, 0, 0, 0, 0, 0, 0, 0, 0, 0, 0, 0, 0, 0, 0, 0, 0, 0, 0, 0, 0, 0, 0, 0, 0, 0, 0, 0, 0, 0, 0, 0, 0, 0, 0, 0, 0, 0, 0, 0, 0, 0, 0, 0, 0, 0, 0, 0, 0, 0, 0, 0, 0, 0, 0, 0, 0, 0, 0, 0, 0, 0, 0, 0, 0, 0, 0, 0};
weights_conv[35] = {0, 0, 0, 0, 0, 0, 0, 0, 0, 0, 0, 0, 0, 0, 0, 0, 0, 0, 0, 0, 0, 0, 0, 0, 0, 0, 0, 0, 0, 0, 0, 0, 0, 0, 0, 0, 0, 0, 0, 0, 0, 0, 0, 0, 0, 0, 0, 0, 0, 0, 0, 0, 0, 0, 0, 0, 0, 0, 0, 0, 0, 0, 0, 0, 0, 0, 0, 0, 0, 0, 0, 0};
weights_conv[36] = {0, 26, 25, 52, 35, 0, 0, 4, 63, 60, 48, 17, -8, -38, 0, 37, 20, 15, -25, 13, 49, 52, 23, 0, 22, -1, -1, 44, 72, 56, 73, 43, -17, 26, 6, 12, 7, 12, -8, 15, 37, -5, 26, -44, 22, 7, 5, 25, 50, 37, -9, 70, 41, -16, -9, 9, 32, 13, 18, 17, 0, -2, 11, 0, -11, 0, -19, 8, 33, 28, 0, 30};
weights_conv[37] = {0, 0, 0, 0, 0, 0, 0, 0, 0, 0, 0, 0, 0, 0, 0, 0, 0, 0, 0, 0, 0, 0, 0, 0, 0, 0, 0, 0, 0, 0, 0, 0, 0, 0, 0, 0, 0, 0, 0, 0, 0, 0, 0, 0, 0, 0, 0, 0, 0, 0, 0, 0, 0, 0, 0, 0, 0, 0, 0, 0, 0, 0, 0, 0, 0, 0, 0, 0, 0, 0, 0, 0};
weights_conv[38] = {0, 0, 0, 0, 0, 0, 0, 0, 0, 0, 0, 0, 0, 0, 0, 0, 0, 0, 0, 0, 0, 0, 0, 0, 0, 0, 0, 0, 0, 0, 0, 0, 0, 0, 0, 0, 0, 0, 0, 0, 0, 0, 0, 0, 0, 0, 0, 0, 0, 0, 0, 0, 0, 0, 0, 0, 0, 0, 0, 0, 0, 0, 0, 0, 0, 0, 0, 0, 0, 0, 0, 0};
weights_conv[39] = {0, 0, 0, 0, 0, 0, 0, 0, 0, 0, 0, 0, 0, 0, 0, 0, 0, 0, 0, 0, 0, 0, 0, 0, 0, 0, 0, 0, 0, 0, 0, 0, 0, 0, 0, 0, 0, 0, 0, 0, 0, 0, 0, 0, 0, 0, 0, 0, 0, 0, 0, 0, 0, 0, 0, 0, 0, 0, 0, 0, 0, 0, 0, 0, 0, 0, 0, 0, 0, 0, 0, 0};
weights_conv[40] = {0, -9, -37, -27, -16, 0, 0, -41, -7, 46, 7, -3, 91, -50, 0, -56, -21, -36, -41, 60, -14, 13, 31, 0, -51, -54, -52, -45, 47, -15, 16, 9, 85, -68, 71, 65, 71, 90, -80, -30, 2, 38, 16, -8, -14, 14, 7, 31, 44, 17, -25, -26, -19, 27, 11, 13, 39, 16, 31, 37, 0, -89, 74, 0, -23, 0, 36, 105, 2, 5, 0, -21};
weights_conv[41] = {0, 0, 0, 0, 0, 0, 0, 0, 0, 0, 0, 0, 0, 0, 0, 0, 0, 0, 0, 0, 0, 0, 0, 0, 0, 0, 0, 0, 0, 0, 0, 0, 0, 0, 0, 0, 0, 0, 0, 0, 0, 0, 0, 0, 0, 0, 0, 0, 0, 0, 0, 0, 0, 0, 0, 0, 0, 0, 0, 0, 0, 0, 0, 0, 0, 0, 0, 0, 0, 0, 0, 0};
weights_conv[42] = {0, 0, 0, 0, 0, 0, 0, 0, 0, 0, 0, 0, 0, 0, 0, 0, 0, 0, 0, 0, 0, 0, 0, 0, 0, 0, 0, 0, 0, 0, 0, 0, 0, 0, 0, 0, 0, 0, 0, 0, 0, 0, 0, 0, 0, 0, 0, 0, 0, 0, 0, 0, 0, 0, 0, 0, 0, 0, 0, 0, 0, 0, 0, 0, 0, 0, 0, 0, 0, 0, 0, 0};
weights_conv[43] = {0, 0, 0, 0, 0, 0, 0, 0, 0, 0, 0, 0, 0, 0, 0, 0, 0, 0, 0, 0, 0, 0, 0, 0, 0, 0, 0, 0, 0, 0, 0, 0, 0, 0, 0, 0, 0, 0, 0, 0, 0, 0, 0, 0, 0, 0, 0, 0, 0, 0, 0, 0, 0, 0, 0, 0, 0, 0, 0, 0, 0, 0, 0, 0, 0, 0, 0, 0, 0, 0, 0, 0};
weights_conv[44] = {0, -40, -24, -33, -17, 0, 0, -17, -12, 6, -23, -6, -19, -17, 0, -14, 14, -28, 1, -50, -12, -3, -6, 0, -24, 5, -42, -22, 0, -4, -10, -18, 3, -4, 2, -17, -9, 0, -4, -37, 1, -46, -19, 10, 18, 6, 26, -5, -32, 32, -4, -12, -37, -13, 27, 10, 8, 26, -22, 3, 0, -9, 47, 0, -2, 0, 0, 5, 36, 13, 0, -56};
weights_conv[45] = {0, 0, 0, 0, 0, 0, 0, 0, 0, 0, 0, 0, 0, 0, 0, 0, 0, 0, 0, 0, 0, 0, 0, 0, 0, 0, 0, 0, 0, 0, 0, 0, 0, 0, 0, 0, 0, 0, 0, 0, 0, 0, 0, 0, 0, 0, 0, 0, 0, 0, 0, 0, 0, 0, 0, 0, 0, 0, 0, 0, 0, 0, 0, 0, 0, 0, 0, 0, 0, 0, 0, 0};
weights_conv[46] = {0, 0, 0, 0, 0, 0, 0, 0, 0, 0, 0, 0, 0, 0, 0, 0, 0, 0, 0, 0, 0, 0, 0, 0, 0, 0, 0, 0, 0, 0, 0, 0, 0, 0, 0, 0, 0, 0, 0, 0, 0, 0, 0, 0, 0, 0, 0, 0, 0, 0, 0, 0, 0, 0, 0, 0, 0, 0, 0, 0, 0, 0, 0, 0, 0, 0, 0, 0, 0, 0, 0, 0};
weights_conv[47] = {0, 0, 0, 0, 0, 0, 0, 0, 0, 0, 0, 0, 0, 0, 0, 0, 0, 0, 0, 0, 0, 0, 0, 0, 0, 0, 0, 0, 0, 0, 0, 0, 0, 0, 0, 0, 0, 0, 0, 0, 0, 0, 0, 0, 0, 0, 0, 0, 0, 0, 0, 0, 0, 0, 0, 0, 0, 0, 0, 0, 0, 0, 0, 0, 0, 0, 0, 0, 0, 0, 0, 0};
weights_conv[48] = {0, 0, 0, 0, 0, 0, 0, 0, 0, 0, 0, 0, 0, 0, 0, 0, 0, 0, 0, 0, 0, 0, 0, 0, 0, 0, 0, 0, 0, 0, 0, 0, 0, 0, 0, 0, 0, 0, 0, 0, 0, 0, 0, 0, 0, 0, 0, 0, 0, 0, 0, 0, 0, 0, 0, 0, 0, 0, 0, 0, 0, 0, 0, 0, 0, 0, 0, 0, 0, 0, 0, 0};
weights_conv[49] = {0, 0, 0, 0, 0, 0, 0, 0, 0, 0, 0, 0, 0, 0, 0, 0, 0, 0, 0, 0, 0, 0, 0, 0, 0, 0, 0, 0, 0, 0, 0, 0, 0, 0, 0, 0, 0, 0, 0, 0, 0, 0, 0, 0, 0, 0, 0, 0, 0, 0, 0, 0, 0, 0, 0, 0, 0, 0, 0, 0, 0, 0, 0, 0, 0, 0, 0, 0, 0, 0, 0, 0};
weights_conv[50] = {0, -63, -49, -55, -5, 0, 0, 30, -29, -3, -2, -32, 10, 13, 0, -33, -18, 10, 14, -37, 7, -26, -28, 0, -25, 20, 57, 18, -35, -73, -26, 11, 36, -22, 21, 31, -12, -9, 19, 1, 2, -37, 76, 65, -44, -72, 12, 20, -73, 58, 52, -45, -79, -5, 18, -10, -54, -7, -30, -40, 0, -34, -33, 0, 6, 0, -1, -53, 43, -7, 0, -31};
weights_conv[51] = {0, 31, 1, -3, 2, 0, 0, 2, 0, -9, -4, -3, -11, -5, 0, -2, 2, 5, 4, -13, 8, -6, -2, 0, 26, -8, -38, 4, -13, -2, -12, -10, 11, -4, 0, -12, 1, 9, 1, 3, 19, 37, 6, -15, 6, -7, -4, -13, -1, -21, 7, -21, 5, 9, 0, 16, -10, -7, 4, 7, 0, -11, 15, 0, 4, 0, 8, 1, 13, 1, 0, -12};
weights_conv[52] = {0, 0, 0, 0, 0, 0, 0, 0, 0, 0, 0, 0, 0, 0, 0, 0, 0, 0, 0, 0, 0, 0, 0, 0, 0, 0, 0, 0, 0, 0, 0, 0, 0, 0, 0, 0, 0, 0, 0, 0, 0, 0, 0, 0, 0, 0, 0, 0, 0, 0, 0, 0, 0, 0, 0, 0, 0, 0, 0, 0, 0, 0, 0, 0, 0, 0, 0, 0, 0, 0, 0, 0};
weights_conv[53] = {0, 0, 0, 0, 0, 0, 0, 0, 0, 0, 0, 0, 0, 0, 0, 0, 0, 0, 0, 0, 0, 0, 0, 0, 0, 0, 0, 0, 0, 0, 0, 0, 0, 0, 0, 0, 0, 0, 0, 0, 0, 0, 0, 0, 0, 0, 0, 0, 0, 0, 0, 0, 0, 0, 0, 0, 0, 0, 0, 0, 0, 0, 0, 0, 0, 0, 0, 0, 0, 0, 0, 0};
weights_conv[54] = {0, 10, 6, 23, -52, 0, 0, 54, -9, -15, -7, -80, 7, 45, 0, 45, -73, -49, -66, 83, 36, 10, 46, 0, -66, 8, -60, -26, -35, -2, 24, 40, 62, 4, 21, -1, -56, 33, -24, -18, 20, 1, 30, -25, 50, 13, 40, 65, -33, -50, -24, 6, -6, -71, 52, 77, -35, -40, -47, -19, 0, -37, -17, 0, -100, 0, 37, 11, 37, 44, 0, 50};
weights_conv[55] = {0, -6, 21, -16, 8, 0, 0, 9, -11, -5, 16, -11, -20, -12, 0, -27, -12, -8, -7, -8, 10, -16, -5, 0, -2, 2, 4, 50, -21, -23, -18, -3, -3, -25, -5, 6, 5, 9, -13, -27, -10, -39, 21, 4, -17, -22, -7, 5, -10, -17, 14, -3, -9, -11, -18, -11, -13, -12, -12, -10, 0, -15, -18, 0, -3, 0, -3, -18, -9, -12, 0, -27};
weights_conv[56] = {0, 0, 0, 0, 0, 0, 0, 0, 0, 0, 0, 0, 0, 0, 0, 0, 0, 0, 0, 0, 0, 0, 0, 0, 0, 0, 0, 0, 0, 0, 0, 0, 0, 0, 0, 0, 0, 0, 0, 0, 0, 0, 0, 0, 0, 0, 0, 0, 0, 0, 0, 0, 0, 0, 0, 0, 0, 0, 0, 0, 0, 0, 0, 0, 0, 0, 0, 0, 0, 0, 0, 0};
weights_conv[57] = {0, 0, 0, 0, 0, 0, 0, 0, 0, 0, 0, 0, 0, 0, 0, 0, 0, 0, 0, 0, 0, 0, 0, 0, 0, 0, 0, 0, 0, 0, 0, 0, 0, 0, 0, 0, 0, 0, 0, 0, 0, 0, 0, 0, 0, 0, 0, 0, 0, 0, 0, 0, 0, 0, 0, 0, 0, 0, 0, 0, 0, 0, 0, 0, 0, 0, 0, 0, 0, 0, 0, 0};
weights_conv[58] = {0, 0, 0, 0, 0, 0, 0, 0, 0, 0, 0, 0, 0, 0, 0, 0, 0, 0, 0, 0, 0, 0, 0, 0, 0, 0, 0, 0, 0, 0, 0, 0, 0, 0, 0, 0, 0, 0, 0, 0, 0, 0, 0, 0, 0, 0, 0, 0, 0, 0, 0, 0, 0, 0, 0, 0, 0, 0, 0, 0, 0, 0, 0, 0, 0, 0, 0, 0, 0, 0, 0, 0};
weights_conv[59] = {0, 20, -4, -24, 2, 0, 0, 35, -29, 11, 39, -10, -13, 11, 0, -24, -8, 11, -37, 40, 40, 4, -17, 0, 38, -10, 25, 35, -20, 1, 71, 21, 9, 15, -15, 19, -10, -3, -14, 25, 13, 16, -4, -31, -32, -55, 3, -37, -69, 18, -11, 52, -32, -19, -44, -10, -45, -44, -115, 10, 0, -38, 18, 0, -6, 0, 18, -93, 71, -45, 0, 14};
weights_conv[60] = {0, 0, 0, 0, 0, 0, 0, 0, 0, 0, 0, 0, 0, 0, 0, 0, 0, 0, 0, 0, 0, 0, 0, 0, 0, 0, 0, 0, 0, 0, 0, 0, 0, 0, 0, 0, 0, 0, 0, 0, 0, 0, 0, 0, 0, 0, 0, 0, 0, 0, 0, 0, 0, 0, 0, 0, 0, 0, 0, 0, 0, 0, 0, 0, 0, 0, 0, 0, 0, 0, 0, 0};
weights_conv[61] = {0, 0, 0, 0, 0, 0, 0, 0, 0, 0, 0, 0, 0, 0, 0, 0, 0, 0, 0, 0, 0, 0, 0, 0, 0, 0, 0, 0, 0, 0, 0, 0, 0, 0, 0, 0, 0, 0, 0, 0, 0, 0, 0, 0, 0, 0, 0, 0, 0, 0, 0, 0, 0, 0, 0, 0, 0, 0, 0, 0, 0, 0, 0, 0, 0, 0, 0, 0, 0, 0, 0, 0};
weights_conv[62] = {0, 0, 0, 0, 0, 0, 0, 0, 0, 0, 0, 0, 0, 0, 0, 0, 0, 0, 0, 0, 0, 0, 0, 0, 0, 0, 0, 0, 0, 0, 0, 0, 0, 0, 0, 0, 0, 0, 0, 0, 0, 0, 0, 0, 0, 0, 0, 0, 0, 0, 0, 0, 0, 0, 0, 0, 0, 0, 0, 0, 0, 0, 0, 0, 0, 0, 0, 0, 0, 0, 0, 0};
weights_conv[63] = {0, 46, 50, -17, -68, 0, 0, 49, 9, 11, 5, -53, -29, 25, 0, 32, -25, -22, -19, -35, 24, -8, -7, 0, 45, -37, -39, -16, 5, 2, 15, 30, -40, 34, -78, -21, -19, 1, -26, 5, -37, 41, -16, -33, 61, -20, -15, 51, 23, 4, -44, 11, -56, -55, -13, 33, -8, -26, -78, 39, 0, -83, -10, 0, -7, 0, -56, -7, 8, 27, 0, 7};
weights_conv[64] = {0, -19, -44, 22, -11, 0, 0, 20, 3, 19, 87, 8, 64, 34, 0, -50, -18, -22, 10, 4, 70, 26, 49, 0, -5, -45, 58, 33, 20, 17, -26, 79, 30, 57, 67, 75, 7, 27, -12, -91, 35, -33, 42, 35, 50, 20, -35, 25, 34, -23, -49, 19, 19, -1, 36, 54, 29, -37, -19, 55, 0, -44, 15, 0, 44, 0, 38, 11, -21, 62, 0, -46};
weights_conv[65] = {0, 21, -1, 27, 26, 0, 0, -12, 3, -25, -7, 8, -9, -3, 0, 2, -19, 3, 6, -9, 25, -2, 6, 0, 1, -9, -23, 5, -11, -13, -4, 7, 11, -15, -7, -17, -10, -14, 1, -1, 11, 3, -15, 5, -8, -5, -6, 24, -10, -8, 2, -21, 8, 5, -11, 1, -11, -22, -5, -4, 0, -13, -18, 0, 4, 0, 1, -9, -15, 5, 0, -24};
weights_conv[66] = {0, 0, 0, 0, 0, 0, 0, 0, 0, 0, 0, 0, 0, 0, 0, 0, 0, 0, 0, 0, 0, 0, 0, 0, 0, 0, 0, 0, 0, 0, 0, 0, 0, 0, 0, 0, 0, 0, 0, 0, 0, 0, 0, 0, 0, 0, 0, 0, 0, 0, 0, 0, 0, 0, 0, 0, 0, 0, 0, 0, 0, 0, 0, 0, 0, 0, 0, 0, 0, 0, 0, 0};
weights_conv[67] = {0, 0, 0, 0, 0, 0, 0, 0, 0, 0, 0, 0, 0, 0, 0, 0, 0, 0, 0, 0, 0, 0, 0, 0, 0, 0, 0, 0, 0, 0, 0, 0, 0, 0, 0, 0, 0, 0, 0, 0, 0, 0, 0, 0, 0, 0, 0, 0, 0, 0, 0, 0, 0, 0, 0, 0, 0, 0, 0, 0, 0, 0, 0, 0, 0, 0, 0, 0, 0, 0, 0, 0};
weights_conv[68] = {0, 0, 0, 0, 0, 0, 0, 0, 0, 0, 0, 0, 0, 0, 0, 0, 0, 0, 0, 0, 0, 0, 0, 0, 0, 0, 0, 0, 0, 0, 0, 0, 0, 0, 0, 0, 0, 0, 0, 0, 0, 0, 0, 0, 0, 0, 0, 0, 0, 0, 0, 0, 0, 0, 0, 0, 0, 0, 0, 0, 0, 0, 0, 0, 0, 0, 0, 0, 0, 0, 0, 0};
weights_conv[69] = {0, 0, 0, 0, 0, 0, 0, 0, 0, 0, 0, 0, 0, 0, 0, 0, 0, 0, 0, 0, 0, 0, 0, 0, 0, 0, 0, 0, 0, 0, 0, 0, 0, 0, 0, 0, 0, 0, 0, 0, 0, 0, 0, 0, 0, 0, 0, 0, 0, 0, 0, 0, 0, 0, 0, 0, 0, 0, 0, 0, 0, 0, 0, 0, 0, 0, 0, 0, 0, 0, 0, 0};
weights_conv[70] = {0, 5, 0, 0, -2, 0, 0, 0, -2, 0, 1, -1, 0, 1, 0, -1, -1, -1, 2, 1, 0, -1, 0, 0, 2, 0, 1, -1, 0, -1, -1, 1, 0, 2, 0, 2, 0, 3, 1, -2, -1, -1, 0, 1, 0, 1, 0, -1, 0, -1, -1, -1, 0, 0, 0, 3, -1, -2, 0, -2, 0, -1, 1, 0, -1, 0, 0, 0, 0, 0, 0, -2};
weights_conv[71] = {0, -12, 7, -17, -6, 0, 0, -39, 25, 15, -14, 53, -50, -57, 0, -88, -42, -19, -14, -43, 6, 26, -86, 0, 16, 21, -9, 0, 35, 33, 3, 2, 14, 9, -26, 3, -53, -90, -70, -28, 33, 20, 25, -29, -24, -30, -70, 31, 49, 86, -11, -17, -6, -14, 51, 10, 48, -11, 34, -6, 0, -7, -39, 0, -34, 0, 7, -2, 51, 24, 0, -7};

Bias (8 bit):
 {2363, -82, 0, 0, 0, 0, 559, -98, 303, 0, 0, 0, 3020, 0, 0, 0, 1361, -301, 0, 0, 320, 2099, 0, 0, 0, 0, 0, 2358, 0, 0, 0, -483, 0, 0, 0, -2689, 0, 0, 0, 0, 0, 2179, 0, 0, 0, 0, 0, 0, 0, 0, 42, 1647, 2229, 0, 3644, 0, 0, 450, 0, 0, 1057, 0, 1403, 0, 214, -3, 0, 0, -234, -731, 0, 0};
